4; 2; 2; dataset\t0.png;0.295567;2.27414;0
4; 2; 3; dataset\t0.png;0.328735;2.29749;0
4; 2; 4; dataset\t0.png;0.350505;2.31011;0
4; 2; 5; dataset\t0.png;0.3621;2.31541;0
4; 2; 6; dataset\t0.png;0.36862;2.31696;0
4; 2; 7; dataset\t0.png;0.371745;2.31752;0
4; 2; 8; dataset\t0.png;0.37459;2.31839;0
4; 2; 9; dataset\t0.png;0.376482;2.3202;0
4; 2; 10; dataset\t0.png;0.379358;2.32214;0
4; 2; 11; dataset\t0.png;0.387788;2.3261;0
4; 2; 12; dataset\t0.png;0.395288;2.3299;0
4; 2; 13; dataset\t0.png;0.401235;2.33309;0
4; 2; 14; dataset\t0.png;0.403925;2.33538;0
4; 2; 15; dataset\t0.png;0.404518;2.33678;0
4; 3; 2; dataset\t0.png;0.334685;2.30158;0
4; 3; 3; dataset\t0.png;0.345335;2.30698;0
4; 3; 4; dataset\t0.png;0.35341;2.31131;0
4; 3; 5; dataset\t0.png;0.359245;2.31365;0
4; 3; 6; dataset\t0.png;0.364663;2.31489;0
4; 3; 7; dataset\t0.png;0.37114;2.31709;0
4; 3; 8; dataset\t0.png;0.374828;2.31835;0
4; 3; 9; dataset\t0.png;0.377538;2.32044;0
4; 3; 10; dataset\t0.png;0.3809;2.32261;0
4; 3; 11; dataset\t0.png;0.386718;2.32556;0
4; 3; 12; dataset\t0.png;0.394575;2.3295;0
4; 3; 13; dataset\t0.png;0.400915;2.33285;0
4; 3; 14; dataset\t0.png;0.4054;2.33565;0
4; 3; 15; dataset\t0.png;0.409423;2.33793;0
4; 4; 2; dataset\t0.png;0.35649;2.31391;0
4; 4; 3; dataset\t0.png;0.355575;2.31244;0
4; 4; 4; dataset\t0.png;0.35564;2.31236;0
4; 4; 5; dataset\t0.png;0.35775;2.31273;0
4; 4; 6; dataset\t0.png;0.362033;2.31357;0
4; 4; 7; dataset\t0.png;0.36749;2.31541;0
4; 4; 8; dataset\t0.png;0.373055;2.31756;0
4; 4; 9; dataset\t0.png;0.378475;2.32075;0
4; 4; 10; dataset\t0.png;0.38256;2.32314;0
4; 4; 11; dataset\t0.png;0.3881;2.32598;0
4; 4; 12; dataset\t0.png;0.393868;2.32912;0
4; 4; 13; dataset\t0.png;0.39971;2.33241;0
4; 4; 14; dataset\t0.png;0.406395;2.33573;0
4; 4; 15; dataset\t0.png;0.411233;2.33815;0
4; 5; 2; dataset\t0.png;0.364583;2.318;0
4; 5; 3; dataset\t0.png;0.358233;2.31387;0
4; 5; 4; dataset\t0.png;0.355568;2.31219;0
4; 5; 5; dataset\t0.png;0.356758;2.31197;0
4; 5; 6; dataset\t0.png;0.360672;2.31261;0
4; 5; 7; dataset\t0.png;0.365443;2.31424;0
4; 5; 8; dataset\t0.png;0.37121;2.31664;0
4; 5; 9; dataset\t0.png;0.37789;2.32024;0
4; 5; 10; dataset\t0.png;0.383613;2.3233;0
4; 5; 11; dataset\t0.png;0.39;2.3264;0
4; 5; 12; dataset\t0.png;0.394358;2.32892;0
4; 5; 13; dataset\t0.png;0.399508;2.33187;0
4; 5; 14; dataset\t0.png;0.405943;2.33521;0
4; 5; 15; dataset\t0.png;0.410348;2.33755;0
4; 6; 2; dataset\t0.png;0.364348;2.31763;0
4; 6; 3; dataset\t0.png;0.360548;2.31486;0
4; 6; 4; dataset\t0.png;0.357848;2.31308;0
4; 6; 5; dataset\t0.png;0.35816;2.31245;0
4; 6; 6; dataset\t0.png;0.362235;2.31299;0
4; 6; 7; dataset\t0.png;0.36683;2.31442;0
4; 6; 8; dataset\t0.png;0.3729;2.31691;0
4; 6; 9; dataset\t0.png;0.380702;2.32102;0
4; 6; 10; dataset\t0.png;0.386985;2.3241;0
4; 6; 11; dataset\t0.png;0.39163;2.32646;0
4; 6; 12; dataset\t0.png;0.397198;2.32939;0
4; 6; 13; dataset\t0.png;0.40044;2.33159;0
4; 6; 14; dataset\t0.png;0.40454;2.33415;0
4; 6; 15; dataset\t0.png;0.410143;2.33686;0
4; 7; 2; dataset\t0.png;0.366768;2.31823;0
4; 7; 3; dataset\t0.png;0.362797;2.31547;0
4; 7; 4; dataset\t0.png;0.3614;2.31437;0
4; 7; 5; dataset\t0.png;0.362855;2.31438;0
4; 7; 6; dataset\t0.png;0.36589;2.31417;0
4; 7; 7; dataset\t0.png;0.370625;2.31552;0
4; 7; 8; dataset\t0.png;0.377998;2.31842;0
4; 7; 9; dataset\t0.png;0.384265;2.32185;0
4; 7; 10; dataset\t0.png;0.38812;2.324;0
4; 7; 11; dataset\t0.png;0.392458;2.32613;0
4; 7; 12; dataset\t0.png;0.396547;2.32868;0
4; 7; 13; dataset\t0.png;0.40002;2.33096;0
4; 7; 14; dataset\t0.png;0.402588;2.33317;0
4; 7; 15; dataset\t0.png;0.40926;2.33601;0
4; 8; 2; dataset\t0.png;0.372368;2.32003;0
4; 8; 3; dataset\t0.png;0.369033;2.31769;0
4; 8; 4; dataset\t0.png;0.367215;2.31663;0
4; 8; 5; dataset\t0.png;0.367872;2.31608;0
4; 8; 6; dataset\t0.png;0.370265;2.31542;0
4; 8; 7; dataset\t0.png;0.374535;2.31637;0
4; 8; 8; dataset\t0.png;0.37985;2.31836;0
4; 8; 9; dataset\t0.png;0.386593;2.32196;0
4; 8; 10; dataset\t0.png;0.389213;2.32367;0
4; 8; 11; dataset\t0.png;0.391203;2.32489;0
4; 8; 12; dataset\t0.png;0.392692;2.32649;0
4; 8; 13; dataset\t0.png;0.395693;2.32882;0
4; 8; 14; dataset\t0.png;0.400548;2.3318;0
4; 8; 15; dataset\t0.png;0.406593;2.33462;0
4; 9; 2; dataset\t0.png;0.380493;2.32292;0
4; 9; 3; dataset\t0.png;0.376828;2.32048;0
4; 9; 4; dataset\t0.png;0.37448;2.31933;0
4; 9; 5; dataset\t0.png;0.37344;2.31812;0
4; 9; 6; dataset\t0.png;0.374283;2.31666;0
4; 9; 7; dataset\t0.png;0.37876;2.31749;0
4; 9; 8; dataset\t0.png;0.383475;2.31921;0
4; 9; 9; dataset\t0.png;0.387833;2.3219;0
4; 9; 10; dataset\t0.png;0.389512;2.32321;0
4; 9; 11; dataset\t0.png;0.388995;2.3235;0
4; 9; 12; dataset\t0.png;0.38915;2.32479;0
4; 9; 13; dataset\t0.png;0.393878;2.3278;0
4; 9; 14; dataset\t0.png;0.399285;2.33093;0
4; 9; 15; dataset\t0.png;0.405303;2.33378;0
4; 10; 2; dataset\t0.png;0.386008;2.32427;0
4; 10; 3; dataset\t0.png;0.38332;2.32242;0
4; 10; 4; dataset\t0.png;0.381208;2.32126;0
4; 10; 5; dataset\t0.png;0.379055;2.31975;0
4; 10; 6; dataset\t0.png;0.37836;2.31771;0
4; 10; 7; dataset\t0.png;0.380433;2.3177;0
4; 10; 8; dataset\t0.png;0.38652;2.31987;0
4; 10; 9; dataset\t0.png;0.388588;2.3217;0
4; 10; 10; dataset\t0.png;0.389415;2.32254;0
4; 10; 11; dataset\t0.png;0.3887;2.32279;0
4; 10; 12; dataset\t0.png;0.391068;2.32488;0
4; 10; 13; dataset\t0.png;0.395033;2.32759;0
4; 10; 14; dataset\t0.png;0.39957;2.33053;0
4; 10; 15; dataset\t0.png;0.40504;2.33318;0
4; 11; 2; dataset\t0.png;0.390825;2.3254;0
4; 11; 3; dataset\t0.png;0.38808;2.32363;0
4; 11; 4; dataset\t0.png;0.386018;2.32261;0
4; 11; 5; dataset\t0.png;0.384513;2.32122;0
4; 11; 6; dataset\t0.png;0.38207;2.31859;0
4; 11; 7; dataset\t0.png;0.382555;2.31791;0
4; 11; 8; dataset\t0.png;0.385405;2.31884;0
4; 11; 9; dataset\t0.png;0.389333;2.3213;0
4; 11; 10; dataset\t0.png;0.391097;2.3224;0
4; 11; 11; dataset\t0.png;0.392778;2.32364;0
4; 11; 12; dataset\t0.png;0.394572;2.3255;0
4; 11; 13; dataset\t0.png;0.398088;2.32808;0
4; 11; 14; dataset\t0.png;0.40109;2.33054;0
4; 11; 15; dataset\t0.png;0.403788;2.33226;0
4; 12; 2; dataset\t0.png;0.391813;2.32532;0
4; 12; 3; dataset\t0.png;0.390085;2.32379;0
4; 12; 4; dataset\t0.png;0.388973;2.32309;0
4; 12; 5; dataset\t0.png;0.38713;2.32149;0
4; 12; 6; dataset\t0.png;0.383065;2.31837;0
4; 12; 7; dataset\t0.png;0.382368;2.31722;0
4; 12; 8; dataset\t0.png;0.384588;2.31789;0
4; 12; 9; dataset\t0.png;0.388398;2.32027;0
4; 12; 10; dataset\t0.png;0.392588;2.32228;0
4; 12; 11; dataset\t0.png;0.395455;2.32399;0
4; 12; 12; dataset\t0.png;0.400823;2.32693;0
4; 12; 13; dataset\t0.png;0.404918;2.32953;0
4; 12; 14; dataset\t0.png;0.405285;2.33129;0
4; 12; 15; dataset\t0.png;0.407248;2.33274;0
4; 13; 2; dataset\t0.png;0.391503;2.32468;0
4; 13; 3; dataset\t0.png;0.391513;2.3237;0
4; 13; 4; dataset\t0.png;0.391033;2.32318;0
4; 13; 5; dataset\t0.png;0.389918;2.3219;0
4; 13; 6; dataset\t0.png;0.38743;2.31936;0
4; 13; 7; dataset\t0.png;0.38503;2.31771;0
4; 13; 8; dataset\t0.png;0.386918;2.3182;0
4; 13; 9; dataset\t0.png;0.390755;2.3204;0
4; 13; 10; dataset\t0.png;0.395038;2.32257;0
4; 13; 11; dataset\t0.png;0.399285;2.32471;0
4; 13; 12; dataset\t0.png;0.404445;2.32742;0
4; 13; 13; dataset\t0.png;0.40842;2.32999;0
4; 13; 14; dataset\t0.png;0.409055;2.33175;0
4; 13; 15; dataset\t0.png;0.409892;2.33301;0
4; 14; 2; dataset\t0.png;0.394587;2.3247;0
4; 14; 3; dataset\t0.png;0.395383;2.32397;0
4; 14; 4; dataset\t0.png;0.394143;2.32318;0
4; 14; 5; dataset\t0.png;0.393868;2.32212;0
4; 14; 6; dataset\t0.png;0.393025;2.32006;0
4; 14; 7; dataset\t0.png;0.391443;2.31905;0
4; 14; 8; dataset\t0.png;0.391875;2.31914;0
4; 14; 9; dataset\t0.png;0.39478;2.32113;0
4; 14; 10; dataset\t0.png;0.399485;2.32338;0
4; 14; 11; dataset\t0.png;0.404245;2.32547;0
4; 14; 12; dataset\t0.png;0.4091;2.32814;0
4; 14; 13; dataset\t0.png;0.41086;2.33005;0
4; 14; 14; dataset\t0.png;0.41142;2.33172;0
4; 14; 15; dataset\t0.png;0.411468;2.33272;0
4; 15; 2; dataset\t0.png;0.397545;2.32434;0
4; 15; 3; dataset\t0.png;0.397822;2.3235;0
4; 15; 4; dataset\t0.png;0.397013;2.32288;0
4; 15; 5; dataset\t0.png;0.398023;2.32217;0
4; 15; 6; dataset\t0.png;0.39738;2.32053;0
4; 15; 7; dataset\t0.png;0.39768;2.32;0
4; 15; 8; dataset\t0.png;0.398038;2.3202;0
4; 15; 9; dataset\t0.png;0.400628;2.32204;0
4; 15; 10; dataset\t0.png;0.402672;2.32344;0
4; 15; 11; dataset\t0.png;0.407285;2.3256;0
4; 15; 12; dataset\t0.png;0.411643;2.32806;0
4; 15; 13; dataset\t0.png;0.413478;2.32993;0
4; 15; 14; dataset\t0.png;0.413255;2.33141;0
4; 15; 15; dataset\t0.png;0.411313;2.33174;0
5; 2; 2; dataset\t0.png;0.239983;2.11839;0
5; 2; 3; dataset\t0.png;0.263795;2.13752;0
5; 2; 4; dataset\t0.png;0.280103;2.14703;0
5; 2; 5; dataset\t0.png;0.288665;2.14989;0
5; 2; 6; dataset\t0.png;0.291057;2.15051;0
5; 2; 7; dataset\t0.png;0.292373;2.15035;0
5; 2; 8; dataset\t0.png;0.293583;2.15143;0
5; 2; 9; dataset\t0.png;0.295408;2.15304;0
5; 2; 10; dataset\t0.png;0.297415;2.1555;0
5; 2; 11; dataset\t0.png;0.301083;2.15857;0
5; 2; 12; dataset\t0.png;0.3067;2.16249;0
5; 2; 13; dataset\t0.png;0.310723;2.16445;0
5; 2; 14; dataset\t0.png;0.313208;2.16628;0
5; 2; 15; dataset\t0.png;0.31438;2.16697;0
5; 3; 2; dataset\t0.png;0.26736;2.14032;0
5; 3; 3; dataset\t0.png;0.274848;2.14554;0
5; 3; 4; dataset\t0.png;0.281088;2.14837;0
5; 3; 5; dataset\t0.png;0.285808;2.14931;0
5; 3; 6; dataset\t0.png;0.288338;2.14991;0
5; 3; 7; dataset\t0.png;0.289942;2.14987;0
5; 3; 8; dataset\t0.png;0.291215;2.15085;0
5; 3; 9; dataset\t0.png;0.291787;2.15197;0
5; 3; 10; dataset\t0.png;0.29437;2.15483;0
5; 3; 11; dataset\t0.png;0.299875;2.15871;0
5; 3; 12; dataset\t0.png;0.30612;2.16305;0
5; 3; 13; dataset\t0.png;0.310255;2.16517;0
5; 3; 14; dataset\t0.png;0.313633;2.16769;0
5; 3; 15; dataset\t0.png;0.31436;2.16853;0
5; 4; 2; dataset\t0.png;0.284937;2.15202;0
5; 4; 3; dataset\t0.png;0.281733;2.15062;0
5; 4; 4; dataset\t0.png;0.282035;2.14997;0
5; 4; 5; dataset\t0.png;0.284347;2.1496;0
5; 4; 6; dataset\t0.png;0.287048;2.15038;0
5; 4; 7; dataset\t0.png;0.288388;2.15027;0
5; 4; 8; dataset\t0.png;0.28998;2.1514;0
5; 4; 9; dataset\t0.png;0.292273;2.15331;0
5; 4; 10; dataset\t0.png;0.294935;2.15614;0
5; 4; 11; dataset\t0.png;0.300378;2.15988;0
5; 4; 12; dataset\t0.png;0.306705;2.16423;0
5; 4; 13; dataset\t0.png;0.312773;2.16731;0
5; 4; 14; dataset\t0.png;0.317568;2.17037;0
5; 4; 15; dataset\t0.png;0.317455;2.17075;0
5; 5; 2; dataset\t0.png;0.290283;2.15477;0
5; 5; 3; dataset\t0.png;0.28538;2.15276;0
5; 5; 4; dataset\t0.png;0.283585;2.15099;0
5; 5; 5; dataset\t0.png;0.285308;2.15047;0
5; 5; 6; dataset\t0.png;0.287857;2.151;0
5; 5; 7; dataset\t0.png;0.289318;2.15098;0
5; 5; 8; dataset\t0.png;0.29159;2.15258;0
5; 5; 9; dataset\t0.png;0.294992;2.15502;0
5; 5; 10; dataset\t0.png;0.297992;2.15782;0
5; 5; 11; dataset\t0.png;0.303035;2.16119;0
5; 5; 12; dataset\t0.png;0.307785;2.16481;0
5; 5; 13; dataset\t0.png;0.312755;2.16771;0
5; 5; 14; dataset\t0.png;0.318328;2.17111;0
5; 5; 15; dataset\t0.png;0.3198;2.17199;0
5; 6; 2; dataset\t0.png;0.288545;2.15366;0
5; 6; 3; dataset\t0.png;0.286158;2.15319;0
5; 6; 4; dataset\t0.png;0.286438;2.15279;0
5; 6; 5; dataset\t0.png;0.288358;2.15208;0
5; 6; 6; dataset\t0.png;0.29049;2.15225;0
5; 6; 7; dataset\t0.png;0.292288;2.15236;0
5; 6; 8; dataset\t0.png;0.296205;2.15461;0
5; 6; 9; dataset\t0.png;0.299355;2.15673;0
5; 6; 10; dataset\t0.png;0.30296;2.1598;0
5; 6; 11; dataset\t0.png;0.305358;2.16207;0
5; 6; 12; dataset\t0.png;0.30827;2.16502;0
5; 6; 13; dataset\t0.png;0.3124;2.1679;0
5; 6; 14; dataset\t0.png;0.316903;2.17105;0
5; 6; 15; dataset\t0.png;0.319265;2.17201;0
5; 7; 2; dataset\t0.png;0.287643;2.15275;0
5; 7; 3; dataset\t0.png;0.28808;2.15382;0
5; 7; 4; dataset\t0.png;0.29008;2.15431;0
5; 7; 5; dataset\t0.png;0.29148;2.15316;0
5; 7; 6; dataset\t0.png;0.292662;2.15284;0
5; 7; 7; dataset\t0.png;0.295205;2.15295;0
5; 7; 8; dataset\t0.png;0.29886;2.15477;0
5; 7; 9; dataset\t0.png;0.301728;2.15666;0
5; 7; 10; dataset\t0.png;0.303728;2.15928;0
5; 7; 11; dataset\t0.png;0.305215;2.16138;0
5; 7; 12; dataset\t0.png;0.307368;2.16415;0
5; 7; 13; dataset\t0.png;0.310818;2.16697;0
5; 7; 14; dataset\t0.png;0.316073;2.17058;0
5; 7; 15; dataset\t0.png;0.318528;2.17145;0
5; 8; 2; dataset\t0.png;0.290613;2.15363;0
5; 8; 3; dataset\t0.png;0.293003;2.15566;0
5; 8; 4; dataset\t0.png;0.294348;2.15589;0
5; 8; 5; dataset\t0.png;0.294643;2.15442;0
5; 8; 6; dataset\t0.png;0.294837;2.15361;0
5; 8; 7; dataset\t0.png;0.296162;2.15298;0
5; 8; 8; dataset\t0.png;0.299308;2.15432;0
5; 8; 9; dataset\t0.png;0.301312;2.15576;0
5; 8; 10; dataset\t0.png;0.30241;2.15804;0
5; 8; 11; dataset\t0.png;0.30465;2.16053;0
5; 8; 12; dataset\t0.png;0.308305;2.16424;0
5; 8; 13; dataset\t0.png;0.311315;2.16684;0
5; 8; 14; dataset\t0.png;0.315768;2.17024;0
5; 8; 15; dataset\t0.png;0.319093;2.17166;0
5; 9; 2; dataset\t0.png;0.295268;2.15594;0
5; 9; 3; dataset\t0.png;0.296053;2.1571;0
5; 9; 4; dataset\t0.png;0.296948;2.15705;0
5; 9; 5; dataset\t0.png;0.296272;2.15516;0
5; 9; 6; dataset\t0.png;0.298322;2.1551;0
5; 9; 7; dataset\t0.png;0.29901;2.15432;0
5; 9; 8; dataset\t0.png;0.299755;2.15476;0
5; 9; 9; dataset\t0.png;0.301785;2.15626;0
5; 9; 10; dataset\t0.png;0.3025;2.15818;0
5; 9; 11; dataset\t0.png;0.304468;2.16045;0
5; 9; 12; dataset\t0.png;0.307833;2.16423;0
5; 9; 13; dataset\t0.png;0.309947;2.16656;0
5; 9; 14; dataset\t0.png;0.31489;2.17007;0
5; 9; 15; dataset\t0.png;0.317738;2.17137;0
5; 10; 2; dataset\t0.png;0.298728;2.15703;0
5; 10; 3; dataset\t0.png;0.297968;2.15729;0
5; 10; 4; dataset\t0.png;0.298055;2.15667;0
5; 10; 5; dataset\t0.png;0.298628;2.15529;0
5; 10; 6; dataset\t0.png;0.30039;2.15527;0
5; 10; 7; dataset\t0.png;0.300758;2.15473;0
5; 10; 8; dataset\t0.png;0.301625;2.15538;0
5; 10; 9; dataset\t0.png;0.303293;2.15687;0
5; 10; 10; dataset\t0.png;0.30347;2.15847;0
5; 10; 11; dataset\t0.png;0.304745;2.16034;0
5; 10; 12; dataset\t0.png;0.307683;2.1637;0
5; 10; 13; dataset\t0.png;0.30968;2.16602;0
5; 10; 14; dataset\t0.png;0.313395;2.16925;0
5; 10; 15; dataset\t0.png;0.317922;2.17114;0
5; 11; 2; dataset\t0.png;0.30094;2.15829;0
5; 11; 3; dataset\t0.png;0.299833;2.15829;0
5; 11; 4; dataset\t0.png;0.300055;2.15747;0
5; 11; 5; dataset\t0.png;0.299188;2.15569;0
5; 11; 6; dataset\t0.png;0.301728;2.15608;0
5; 11; 7; dataset\t0.png;0.301613;2.15552;0
5; 11; 8; dataset\t0.png;0.302992;2.15667;0
5; 11; 9; dataset\t0.png;0.30552;2.1586;0
5; 11; 10; dataset\t0.png;0.306053;2.16001;0
5; 11; 11; dataset\t0.png;0.306635;2.16149;0
5; 11; 12; dataset\t0.png;0.309145;2.16431;0
5; 11; 13; dataset\t0.png;0.311528;2.16675;0
5; 11; 14; dataset\t0.png;0.31506;2.17011;0
5; 11; 15; dataset\t0.png;0.320142;2.17218;0
5; 12; 2; dataset\t0.png;0.303263;2.15876;0
5; 12; 3; dataset\t0.png;0.300903;2.15868;0
5; 12; 4; dataset\t0.png;0.300745;2.15793;0
5; 12; 5; dataset\t0.png;0.29959;2.15587;0
5; 12; 6; dataset\t0.png;0.299873;2.15543;0
5; 12; 7; dataset\t0.png;0.30158;2.15533;0
5; 12; 8; dataset\t0.png;0.304303;2.15693;0
5; 12; 9; dataset\t0.png;0.307293;2.15898;0
5; 12; 10; dataset\t0.png;0.308975;2.16083;0
5; 12; 11; dataset\t0.png;0.310953;2.16261;0
5; 12; 12; dataset\t0.png;0.313685;2.16534;0
5; 12; 13; dataset\t0.png;0.315425;2.16751;0
5; 12; 14; dataset\t0.png;0.318458;2.17083;0
5; 12; 15; dataset\t0.png;0.322603;2.17268;0
5; 13; 2; dataset\t0.png;0.304312;2.15838;0
5; 13; 3; dataset\t0.png;0.302668;2.15881;0
5; 13; 4; dataset\t0.png;0.301728;2.15798;0
5; 13; 5; dataset\t0.png;0.299778;2.15564;0
5; 13; 6; dataset\t0.png;0.300338;2.15516;0
5; 13; 7; dataset\t0.png;0.301725;2.15485;0
5; 13; 8; dataset\t0.png;0.305228;2.15671;0
5; 13; 9; dataset\t0.png;0.308735;2.15897;0
5; 13; 10; dataset\t0.png;0.312628;2.16166;0
5; 13; 11; dataset\t0.png;0.313298;2.16303;0
5; 13; 12; dataset\t0.png;0.31501;2.1652;0
5; 13; 13; dataset\t0.png;0.315462;2.1668;0
5; 13; 14; dataset\t0.png;0.318915;2.17027;0
5; 13; 15; dataset\t0.png;0.322823;2.17214;0
5; 14; 2; dataset\t0.png;0.305343;2.15671;0
5; 14; 3; dataset\t0.png;0.3044;2.15754;0
5; 14; 4; dataset\t0.png;0.302505;2.15646;0
5; 14; 5; dataset\t0.png;0.300418;2.15429;0
5; 14; 6; dataset\t0.png;0.302482;2.15434;0
5; 14; 7; dataset\t0.png;0.302605;2.15343;0
5; 14; 8; dataset\t0.png;0.305625;2.15524;0
5; 14; 9; dataset\t0.png;0.308933;2.15728;0
5; 14; 10; dataset\t0.png;0.313153;2.16021;0
5; 14; 11; dataset\t0.png;0.31422;2.1617;0
5; 14; 12; dataset\t0.png;0.315573;2.16381;0
5; 14; 13; dataset\t0.png;0.315505;2.1654;0
5; 14; 14; dataset\t0.png;0.318745;2.16872;0
5; 14; 15; dataset\t0.png;0.32106;2.17036;0
5; 15; 2; dataset\t0.png;0.307535;2.15599;0
5; 15; 3; dataset\t0.png;0.306703;2.15676;0
5; 15; 4; dataset\t0.png;0.304763;2.15573;0
5; 15; 5; dataset\t0.png;0.30322;2.15394;0
5; 15; 6; dataset\t0.png;0.303532;2.15334;0
5; 15; 7; dataset\t0.png;0.304008;2.15247;0
5; 15; 8; dataset\t0.png;0.305808;2.15377;0
5; 15; 9; dataset\t0.png;0.309013;2.15578;0
5; 15; 10; dataset\t0.png;0.312425;2.15866;0
5; 15; 11; dataset\t0.png;0.314005;2.16038;0
5; 15; 12; dataset\t0.png;0.315018;2.16246;0
5; 15; 13; dataset\t0.png;0.315895;2.16431;0
5; 15; 14; dataset\t0.png;0.31812;2.16759;0
5; 15; 15; dataset\t0.png;0.319858;2.16894;0
6; 2; 2; dataset\t0.png;0.299135;2.32359;0
6; 2; 3; dataset\t0.png;0.330715;2.34603;0
6; 2; 4; dataset\t0.png;0.349743;2.35739;0
6; 2; 5; dataset\t0.png;0.357075;2.36061;0
6; 2; 6; dataset\t0.png;0.362698;2.36214;0
6; 2; 7; dataset\t0.png;0.367883;2.36403;0
6; 2; 8; dataset\t0.png;0.372333;2.36564;0
6; 2; 9; dataset\t0.png;0.377883;2.36817;0
6; 2; 10; dataset\t0.png;0.38118;2.36969;0
6; 2; 11; dataset\t0.png;0.382513;2.37023;0
6; 2; 12; dataset\t0.png;0.382658;2.37001;0
6; 2; 13; dataset\t0.png;0.383595;2.36966;0
6; 2; 14; dataset\t0.png;0.386553;2.3704;0
6; 2; 15; dataset\t0.png;0.39084;2.37171;0
6; 3; 2; dataset\t0.png;0.33828;2.35178;0
6; 3; 3; dataset\t0.png;0.347973;2.35676;0
6; 3; 4; dataset\t0.png;0.354808;2.36041;0
6; 3; 5; dataset\t0.png;0.357085;2.36095;0
6; 3; 6; dataset\t0.png;0.362018;2.36188;0
6; 3; 7; dataset\t0.png;0.368735;2.36416;0
6; 3; 8; dataset\t0.png;0.373247;2.36575;0
6; 3; 9; dataset\t0.png;0.376658;2.36747;0
6; 3; 10; dataset\t0.png;0.377675;2.368;0
6; 3; 11; dataset\t0.png;0.379245;2.3688;0
6; 3; 12; dataset\t0.png;0.379248;2.36849;0
6; 3; 13; dataset\t0.png;0.38254;2.36937;0
6; 3; 14; dataset\t0.png;0.386943;2.37029;0
6; 3; 15; dataset\t0.png;0.390863;2.37152;0
6; 4; 2; dataset\t0.png;0.359628;2.36396;0
6; 4; 3; dataset\t0.png;0.358405;2.36284;0
6; 4; 4; dataset\t0.png;0.358468;2.36253;0
6; 4; 5; dataset\t0.png;0.360627;2.36293;0
6; 4; 6; dataset\t0.png;0.36492;2.36349;0
6; 4; 7; dataset\t0.png;0.370665;2.36551;0
6; 4; 8; dataset\t0.png;0.374798;2.36662;0
6; 4; 9; dataset\t0.png;0.377613;2.36807;0
6; 4; 10; dataset\t0.png;0.3786;2.36869;0
6; 4; 11; dataset\t0.png;0.38004;2.3693;0
6; 4; 12; dataset\t0.png;0.38163;2.36983;0
6; 4; 13; dataset\t0.png;0.386673;2.37125;0
6; 4; 14; dataset\t0.png;0.3919;2.37266;0
6; 4; 15; dataset\t0.png;0.395863;2.37379;0
6; 5; 2; dataset\t0.png;0.364258;2.36723;0
6; 5; 3; dataset\t0.png;0.36157;2.36529;0
6; 5; 4; dataset\t0.png;0.36147;2.36488;0
6; 5; 5; dataset\t0.png;0.36435;2.36517;0
6; 5; 6; dataset\t0.png;0.36763;2.36556;0
6; 5; 7; dataset\t0.png;0.372745;2.36732;0
6; 5; 8; dataset\t0.png;0.37641;2.3681;0
6; 5; 9; dataset\t0.png;0.378883;2.36922;0
6; 5; 10; dataset\t0.png;0.381408;2.37044;0
6; 5; 11; dataset\t0.png;0.38416;2.37176;0
6; 5; 12; dataset\t0.png;0.388095;2.37315;0
6; 5; 13; dataset\t0.png;0.393345;2.37444;0
6; 5; 14; dataset\t0.png;0.39778;2.3755;0
6; 5; 15; dataset\t0.png;0.40085;2.37641;0
6; 6; 2; dataset\t0.png;0.364313;2.36848;0
6; 6; 3; dataset\t0.png;0.364187;2.36747;0
6; 6; 4; dataset\t0.png;0.366655;2.3683;0
6; 6; 5; dataset\t0.png;0.368308;2.36812;0
6; 6; 6; dataset\t0.png;0.368798;2.36721;0
6; 6; 7; dataset\t0.png;0.373795;2.36919;0
6; 6; 8; dataset\t0.png;0.376955;2.36977;0
6; 6; 9; dataset\t0.png;0.381263;2.37135;0
6; 6; 10; dataset\t0.png;0.386725;2.37384;0
6; 6; 11; dataset\t0.png;0.390705;2.37558;0
6; 6; 12; dataset\t0.png;0.396523;2.37752;0
6; 6; 13; dataset\t0.png;0.400702;2.37859;0
6; 6; 14; dataset\t0.png;0.4043;2.37932;0
6; 6; 15; dataset\t0.png;0.40693;2.38004;0
6; 7; 2; dataset\t0.png;0.366445;2.37045;0
6; 7; 3; dataset\t0.png;0.367295;2.36991;0
6; 7; 4; dataset\t0.png;0.369975;2.3708;0
6; 7; 5; dataset\t0.png;0.371135;2.37049;0
6; 7; 6; dataset\t0.png;0.371485;2.3695;0
6; 7; 7; dataset\t0.png;0.374345;2.37066;0
6; 7; 8; dataset\t0.png;0.378468;2.37176;0
6; 7; 9; dataset\t0.png;0.38288;2.37328;0
6; 7; 10; dataset\t0.png;0.38938;2.37621;0
6; 7; 11; dataset\t0.png;0.393595;2.37771;0
6; 7; 12; dataset\t0.png;0.400138;2.38006;0
6; 7; 13; dataset\t0.png;0.404903;2.38145;0
6; 7; 14; dataset\t0.png;0.40842;2.3825;0
6; 7; 15; dataset\t0.png;0.411325;2.3832;0
6; 8; 2; dataset\t0.png;0.37079;2.37298;0
6; 8; 3; dataset\t0.png;0.371688;2.37293;0
6; 8; 4; dataset\t0.png;0.373167;2.373;0
6; 8; 5; dataset\t0.png;0.372703;2.37174;0
6; 8; 6; dataset\t0.png;0.372308;2.37036;0
6; 8; 7; dataset\t0.png;0.373528;2.37054;0
6; 8; 8; dataset\t0.png;0.37709;2.37135;0
6; 8; 9; dataset\t0.png;0.382688;2.37371;0
6; 8; 10; dataset\t0.png;0.389633;2.37681;0
6; 8; 11; dataset\t0.png;0.394498;2.37864;0
6; 8; 12; dataset\t0.png;0.399665;2.38057;0
6; 8; 13; dataset\t0.png;0.403748;2.38169;0
6; 8; 14; dataset\t0.png;0.408615;2.38318;0
6; 8; 15; dataset\t0.png;0.412742;2.38404;0
6; 9; 2; dataset\t0.png;0.375715;2.37606;0
6; 9; 3; dataset\t0.png;0.374005;2.37466;0
6; 9; 4; dataset\t0.png;0.373553;2.37421;0
6; 9; 5; dataset\t0.png;0.373663;2.37313;0
6; 9; 6; dataset\t0.png;0.373538;2.37145;0
6; 9; 7; dataset\t0.png;0.37574;2.3718;0
6; 9; 8; dataset\t0.png;0.378658;2.37232;0
6; 9; 9; dataset\t0.png;0.383238;2.37461;0
6; 9; 10; dataset\t0.png;0.388558;2.37697;0
6; 9; 11; dataset\t0.png;0.391798;2.37839;0
6; 9; 12; dataset\t0.png;0.394525;2.37956;0
6; 9; 13; dataset\t0.png;0.400433;2.3815;0
6; 9; 14; dataset\t0.png;0.406053;2.38316;0
6; 9; 15; dataset\t0.png;0.411115;2.38446;0
6; 10; 2; dataset\t0.png;0.379365;2.37832;0
6; 10; 3; dataset\t0.png;0.377838;2.37716;0
6; 10; 4; dataset\t0.png;0.376365;2.37636;0
6; 10; 5; dataset\t0.png;0.376553;2.3756;0
6; 10; 6; dataset\t0.png;0.37786;2.37454;0
6; 10; 7; dataset\t0.png;0.38155;2.37531;0
6; 10; 8; dataset\t0.png;0.383183;2.37526;0
6; 10; 9; dataset\t0.png;0.385742;2.37646;0
6; 10; 10; dataset\t0.png;0.386805;2.37722;0
6; 10; 11; dataset\t0.png;0.388555;2.37826;0
6; 10; 12; dataset\t0.png;0.3905;2.3791;0
6; 10; 13; dataset\t0.png;0.3963;2.38118;0
6; 10; 14; dataset\t0.png;0.40352;2.38354;0
6; 10; 15; dataset\t0.png;0.409345;2.38526;0
6; 11; 2; dataset\t0.png;0.381083;2.37964;0
6; 11; 3; dataset\t0.png;0.379707;2.37864;0
6; 11; 4; dataset\t0.png;0.37744;2.37736;0
6; 11; 5; dataset\t0.png;0.381068;2.37793;0
6; 11; 6; dataset\t0.png;0.382758;2.37728;0
6; 11; 7; dataset\t0.png;0.385543;2.37748;0
6; 11; 8; dataset\t0.png;0.38786;2.37748;0
6; 11; 9; dataset\t0.png;0.389345;2.37836;0
6; 11; 10; dataset\t0.png;0.390465;2.37925;0
6; 11; 11; dataset\t0.png;0.39009;2.37944;0
6; 11; 12; dataset\t0.png;0.39044;2.37955;0
6; 11; 13; dataset\t0.png;0.3953;2.38143;0
6; 11; 14; dataset\t0.png;0.40269;2.38417;0
6; 11; 15; dataset\t0.png;0.409053;2.3861;0
6; 12; 2; dataset\t0.png;0.3815;2.38018;0
6; 12; 3; dataset\t0.png;0.37982;2.37885;0
6; 12; 4; dataset\t0.png;0.38067;2.37866;0
6; 12; 5; dataset\t0.png;0.384665;2.37936;0
6; 12; 6; dataset\t0.png;0.38555;2.37863;0
6; 12; 7; dataset\t0.png;0.388323;2.37859;0
6; 12; 8; dataset\t0.png;0.391045;2.37856;0
6; 12; 9; dataset\t0.png;0.394315;2.38023;0
6; 12; 10; dataset\t0.png;0.395375;2.38118;0
6; 12; 11; dataset\t0.png;0.395033;2.38123;0
6; 12; 12; dataset\t0.png;0.395423;2.38133;0
6; 12; 13; dataset\t0.png;0.399603;2.38279;0
6; 12; 14; dataset\t0.png;0.40481;2.38487;0
6; 12; 15; dataset\t0.png;0.409208;2.38613;0
6; 13; 2; dataset\t0.png;0.383255;2.38099;0
6; 13; 3; dataset\t0.png;0.381565;2.37947;0
6; 13; 4; dataset\t0.png;0.382908;2.37936;0
6; 13; 5; dataset\t0.png;0.387933;2.38051;0
6; 13; 6; dataset\t0.png;0.389465;2.38027;0
6; 13; 7; dataset\t0.png;0.390622;2.37994;0
6; 13; 8; dataset\t0.png;0.392685;2.37974;0
6; 13; 9; dataset\t0.png;0.39585;2.38102;0
6; 13; 10; dataset\t0.png;0.39897;2.38229;0
6; 13; 11; dataset\t0.png;0.3996;2.38269;0
6; 13; 12; dataset\t0.png;0.400645;2.38316;0
6; 13; 13; dataset\t0.png;0.404615;2.38425;0
6; 13; 14; dataset\t0.png;0.40852;2.38549;0
6; 13; 15; dataset\t0.png;0.410173;2.38577;0
6; 14; 2; dataset\t0.png;0.384607;2.38149;0
6; 14; 3; dataset\t0.png;0.383898;2.38012;0
6; 14; 4; dataset\t0.png;0.386178;2.38021;0
6; 14; 5; dataset\t0.png;0.38861;2.38065;0
6; 14; 6; dataset\t0.png;0.390643;2.38067;0
6; 14; 7; dataset\t0.png;0.39053;2.38029;0
6; 14; 8; dataset\t0.png;0.391418;2.37983;0
6; 14; 9; dataset\t0.png;0.395182;2.38095;0
6; 14; 10; dataset\t0.png;0.398075;2.38203;0
6; 14; 11; dataset\t0.png;0.400558;2.3831;0
6; 14; 12; dataset\t0.png;0.403175;2.38398;0
6; 14; 13; dataset\t0.png;0.405807;2.38472;0
6; 14; 14; dataset\t0.png;0.40817;2.38537;0
6; 14; 15; dataset\t0.png;0.410438;2.38606;0
6; 15; 2; dataset\t0.png;0.38913;2.38289;0
6; 15; 3; dataset\t0.png;0.388938;2.38142;0
6; 15; 4; dataset\t0.png;0.389273;2.38103;0
6; 15; 5; dataset\t0.png;0.391808;2.38152;0
6; 15; 6; dataset\t0.png;0.391395;2.38067;0
6; 15; 7; dataset\t0.png;0.38953;2.37984;0
6; 15; 8; dataset\t0.png;0.389823;2.37906;0
6; 15; 9; dataset\t0.png;0.39226;2.37979;0
6; 15; 10; dataset\t0.png;0.395883;2.38113;0
6; 15; 11; dataset\t0.png;0.399908;2.38256;0
6; 15; 12; dataset\t0.png;0.401958;2.38358;0
6; 15; 13; dataset\t0.png;0.403353;2.38407;0
6; 15; 14; dataset\t0.png;0.40576;2.38478;0
6; 15; 15; dataset\t0.png;0.410667;2.38624;0
7; 2; 2; dataset\t0.png;0.402313;2.63464;0
7; 2; 3; dataset\t0.png;0.45498;2.66678;0
7; 2; 4; dataset\t0.png;0.487558;2.68117;0
7; 2; 5; dataset\t0.png;0.501658;2.68604;0
7; 2; 6; dataset\t0.png;0.50422;2.68509;0
7; 2; 7; dataset\t0.png;0.507212;2.68539;0
7; 2; 8; dataset\t0.png;0.515325;2.68839;0
7; 2; 9; dataset\t0.png;0.522023;2.69052;0
7; 2; 10; dataset\t0.png;0.527783;2.69259;0
7; 2; 11; dataset\t0.png;0.532093;2.69376;0
7; 2; 12; dataset\t0.png;0.535805;2.69515;0
7; 2; 13; dataset\t0.png;0.540142;2.69661;0
7; 2; 14; dataset\t0.png;0.547535;2.69905;0
7; 2; 15; dataset\t0.png;0.555747;2.70001;0
7; 3; 2; dataset\t0.png;0.46271;2.67143;0
7; 3; 3; dataset\t0.png;0.47919;2.67938;0
7; 3; 4; dataset\t0.png;0.490425;2.68283;0
7; 3; 5; dataset\t0.png;0.498408;2.68501;0
7; 3; 6; dataset\t0.png;0.502747;2.68484;0
7; 3; 7; dataset\t0.png;0.50732;2.68553;0
7; 3; 8; dataset\t0.png;0.516003;2.68894;0
7; 3; 9; dataset\t0.png;0.523195;2.69103;0
7; 3; 10; dataset\t0.png;0.527313;2.69221;0
7; 3; 11; dataset\t0.png;0.53267;2.69352;0
7; 3; 12; dataset\t0.png;0.53745;2.69517;0
7; 3; 13; dataset\t0.png;0.544908;2.69761;0
7; 3; 14; dataset\t0.png;0.552898;2.70004;0
7; 3; 15; dataset\t0.png;0.556603;2.69999;0
7; 4; 2; dataset\t0.png;0.49535;2.68787;0
7; 4; 3; dataset\t0.png;0.491623;2.68596;0
7; 4; 4; dataset\t0.png;0.493235;2.685;0
7; 4; 5; dataset\t0.png;0.498113;2.68546;0
7; 4; 6; dataset\t0.png;0.503675;2.68578;0
7; 4; 7; dataset\t0.png;0.510053;2.68754;0
7; 4; 8; dataset\t0.png;0.520055;2.69096;0
7; 4; 9; dataset\t0.png;0.52555;2.69238;0
7; 4; 10; dataset\t0.png;0.53012;2.69365;0
7; 4; 11; dataset\t0.png;0.53639;2.69521;0
7; 4; 12; dataset\t0.png;0.542297;2.69723;0
7; 4; 13; dataset\t0.png;0.551505;2.70023;0
7; 4; 14; dataset\t0.png;0.56017;2.70293;0
7; 4; 15; dataset\t0.png;0.561523;2.7018;0
7; 5; 2; dataset\t0.png;0.50389;2.69236;0
7; 5; 3; dataset\t0.png;0.495993;2.68855;0
7; 5; 4; dataset\t0.png;0.495757;2.68672;0
7; 5; 5; dataset\t0.png;0.501025;2.68742;0
7; 5; 6; dataset\t0.png;0.505487;2.68737;0
7; 5; 7; dataset\t0.png;0.513595;2.68941;0
7; 5; 8; dataset\t0.png;0.524315;2.69325;0
7; 5; 9; dataset\t0.png;0.531247;2.69497;0
7; 5; 10; dataset\t0.png;0.537617;2.69702;0
7; 5; 11; dataset\t0.png;0.544288;2.69887;0
7; 5; 12; dataset\t0.png;0.549003;2.70049;0
7; 5; 13; dataset\t0.png;0.55693;2.70284;0
7; 5; 14; dataset\t0.png;0.564198;2.70511;0
7; 5; 15; dataset\t0.png;0.56606;2.70407;0
7; 6; 2; dataset\t0.png;0.504248;2.69326;0
7; 6; 3; dataset\t0.png;0.50059;2.69103;0
7; 6; 4; dataset\t0.png;0.500405;2.68925;0
7; 6; 5; dataset\t0.png;0.505038;2.68985;0
7; 6; 6; dataset\t0.png;0.508443;2.6895;0
7; 6; 7; dataset\t0.png;0.514535;2.69082;0
7; 6; 8; dataset\t0.png;0.527358;2.6956;0
7; 6; 9; dataset\t0.png;0.534203;2.69731;0
7; 6; 10; dataset\t0.png;0.544307;2.70032;0
7; 6; 11; dataset\t0.png;0.551233;2.70239;0
7; 6; 12; dataset\t0.png;0.557625;2.70468;0
7; 6; 13; dataset\t0.png;0.56142;2.70573;0
7; 6; 14; dataset\t0.png;0.568778;2.70763;0
7; 6; 15; dataset\t0.png;0.572343;2.70689;0
7; 7; 2; dataset\t0.png;0.50776;2.69515;0
7; 7; 3; dataset\t0.png;0.50746;2.69463;0
7; 7; 4; dataset\t0.png;0.507325;2.69275;0
7; 7; 5; dataset\t0.png;0.50826;2.69213;0
7; 7; 6; dataset\t0.png;0.51036;2.69149;0
7; 7; 7; dataset\t0.png;0.516503;2.6928;0
7; 7; 8; dataset\t0.png;0.527323;2.69666;0
7; 7; 9; dataset\t0.png;0.537323;2.69949;0
7; 7; 10; dataset\t0.png;0.546045;2.70221;0
7; 7; 11; dataset\t0.png;0.553988;2.70458;0
7; 7; 12; dataset\t0.png;0.559248;2.70634;0
7; 7; 13; dataset\t0.png;0.56415;2.7076;0
7; 7; 14; dataset\t0.png;0.572293;2.70964;0
7; 7; 15; dataset\t0.png;0.57833;2.70942;0
7; 8; 2; dataset\t0.png;0.51741;2.69989;0
7; 8; 3; dataset\t0.png;0.517515;2.69935;0
7; 8; 4; dataset\t0.png;0.515945;2.69695;0
7; 8; 5; dataset\t0.png;0.512857;2.69492;0
7; 8; 6; dataset\t0.png;0.514245;2.69397;0
7; 8; 7; dataset\t0.png;0.51865;2.69492;0
7; 8; 8; dataset\t0.png;0.527903;2.69796;0
7; 8; 9; dataset\t0.png;0.538552;2.70067;0
7; 8; 10; dataset\t0.png;0.54779;2.70367;0
7; 8; 11; dataset\t0.png;0.553918;2.70563;0
7; 8; 12; dataset\t0.png;0.557593;2.70688;0
7; 8; 13; dataset\t0.png;0.563748;2.70865;0
7; 8; 14; dataset\t0.png;0.572613;2.71066;0
7; 8; 15; dataset\t0.png;0.579943;2.71055;0
7; 9; 2; dataset\t0.png;0.529685;2.70523;0
7; 9; 3; dataset\t0.png;0.526278;2.70333;0
7; 9; 4; dataset\t0.png;0.52241;2.69993;0
7; 9; 5; dataset\t0.png;0.51896;2.6977;0
7; 9; 6; dataset\t0.png;0.517863;2.69594;0
7; 9; 7; dataset\t0.png;0.523268;2.69718;0
7; 9; 8; dataset\t0.png;0.53161;2.69957;0
7; 9; 9; dataset\t0.png;0.538148;2.70089;0
7; 9; 10; dataset\t0.png;0.544628;2.70311;0
7; 9; 11; dataset\t0.png;0.552495;2.70539;0
7; 9; 12; dataset\t0.png;0.558603;2.70735;0
7; 9; 13; dataset\t0.png;0.563068;2.70898;0
7; 9; 14; dataset\t0.png;0.57112;2.71087;0
7; 9; 15; dataset\t0.png;0.578668;2.71081;0
7; 10; 2; dataset\t0.png;0.535223;2.70731;0
7; 10; 3; dataset\t0.png;0.53053;2.70514;0
7; 10; 4; dataset\t0.png;0.525345;2.70116;0
7; 10; 5; dataset\t0.png;0.527478;2.70085;0
7; 10; 6; dataset\t0.png;0.52872;2.69982;0
7; 10; 7; dataset\t0.png;0.53188;2.69993;0
7; 10; 8; dataset\t0.png;0.537813;2.7013;0
7; 10; 9; dataset\t0.png;0.540567;2.70134;0
7; 10; 10; dataset\t0.png;0.545112;2.7033;0
7; 10; 11; dataset\t0.png;0.550903;2.70493;0
7; 10; 12; dataset\t0.png;0.555782;2.70633;0
7; 10; 13; dataset\t0.png;0.56248;2.70858;0
7; 10; 14; dataset\t0.png;0.567658;2.71016;0
7; 10; 15; dataset\t0.png;0.574965;2.71057;0
7; 11; 2; dataset\t0.png;0.535733;2.70765;0
7; 11; 3; dataset\t0.png;0.530828;2.70533;0
7; 11; 4; dataset\t0.png;0.529278;2.70276;0
7; 11; 5; dataset\t0.png;0.534022;2.7033;0
7; 11; 6; dataset\t0.png;0.536598;2.70279;0
7; 11; 7; dataset\t0.png;0.54046;2.70291;0
7; 11; 8; dataset\t0.png;0.545608;2.7041;0
7; 11; 9; dataset\t0.png;0.54719;2.70388;0
7; 11; 10; dataset\t0.png;0.548808;2.70427;0
7; 11; 11; dataset\t0.png;0.55206;2.70517;0
7; 11; 12; dataset\t0.png;0.556055;2.70639;0
7; 11; 13; dataset\t0.png;0.560632;2.70776;0
7; 11; 14; dataset\t0.png;0.564858;2.70931;0
7; 11; 15; dataset\t0.png;0.571392;2.71009;0
7; 12; 2; dataset\t0.png;0.535335;2.70837;0
7; 12; 3; dataset\t0.png;0.533755;2.70721;0
7; 12; 4; dataset\t0.png;0.535515;2.70593;0
7; 12; 5; dataset\t0.png;0.540042;2.70632;0
7; 12; 6; dataset\t0.png;0.543027;2.70596;0
7; 12; 7; dataset\t0.png;0.548058;2.70628;0
7; 12; 8; dataset\t0.png;0.553648;2.7076;0
7; 12; 9; dataset\t0.png;0.556945;2.70818;0
7; 12; 10; dataset\t0.png;0.558118;2.70804;0
7; 12; 11; dataset\t0.png;0.560755;2.7084;0
7; 12; 12; dataset\t0.png;0.563608;2.70931;0
7; 12; 13; dataset\t0.png;0.565462;2.71012;0
7; 12; 14; dataset\t0.png;0.56847;2.71113;0
7; 12; 15; dataset\t0.png;0.572145;2.71089;0
7; 13; 2; dataset\t0.png;0.536907;2.70961;0
7; 13; 3; dataset\t0.png;0.536595;2.70898;0
7; 13; 4; dataset\t0.png;0.538658;2.70745;0
7; 13; 5; dataset\t0.png;0.545018;2.70843;0
7; 13; 6; dataset\t0.png;0.54759;2.70789;0
7; 13; 7; dataset\t0.png;0.550852;2.70797;0
7; 13; 8; dataset\t0.png;0.556218;2.70924;0
7; 13; 9; dataset\t0.png;0.560718;2.70964;0
7; 13; 10; dataset\t0.png;0.56462;2.71042;0
7; 13; 11; dataset\t0.png;0.566805;2.71044;0
7; 13; 12; dataset\t0.png;0.569758;2.71136;0
7; 13; 13; dataset\t0.png;0.570418;2.71198;0
7; 13; 14; dataset\t0.png;0.57216;2.71264;0
7; 13; 15; dataset\t0.png;0.573383;2.71163;0
7; 14; 2; dataset\t0.png;0.539088;2.71053;0
7; 14; 3; dataset\t0.png;0.542168;2.71106;0
7; 14; 4; dataset\t0.png;0.545153;2.7101;0
7; 14; 5; dataset\t0.png;0.54829;2.70995;0
7; 14; 6; dataset\t0.png;0.54993;2.709;0
7; 14; 7; dataset\t0.png;0.552382;2.70883;0
7; 14; 8; dataset\t0.png;0.556922;2.70978;0
7; 14; 9; dataset\t0.png;0.56366;2.71082;0
7; 14; 10; dataset\t0.png;0.568473;2.71182;0
7; 14; 11; dataset\t0.png;0.569965;2.71174;0
7; 14; 12; dataset\t0.png;0.571322;2.71225;0
7; 14; 13; dataset\t0.png;0.571457;2.71259;0
7; 14; 14; dataset\t0.png;0.5728;2.71333;0
7; 14; 15; dataset\t0.png;0.574508;2.7121;0
7; 15; 2; dataset\t0.png;0.54326;2.71213;0
7; 15; 3; dataset\t0.png;0.546563;2.71267;0
7; 15; 4; dataset\t0.png;0.549288;2.71168;0
7; 15; 5; dataset\t0.png;0.554495;2.71223;0
7; 15; 6; dataset\t0.png;0.554688;2.71082;0
7; 15; 7; dataset\t0.png;0.556357;2.71052;0
7; 15; 8; dataset\t0.png;0.559535;2.71116;0
7; 15; 9; dataset\t0.png;0.563648;2.71156;0
7; 15; 10; dataset\t0.png;0.56679;2.71173;0
7; 15; 11; dataset\t0.png;0.56953;2.712;0
7; 15; 12; dataset\t0.png;0.572505;2.71321;0
7; 15; 13; dataset\t0.png;0.574745;2.71408;0
7; 15; 14; dataset\t0.png;0.577152;2.71481;0
7; 15; 15; dataset\t0.png;0.580982;2.71435;0
8; 2; 2; dataset\t0.png;0.49261;2.86408;0
8; 2; 3; dataset\t0.png;0.559515;2.89818;0
8; 2; 4; dataset\t0.png;0.602618;2.91523;0
8; 2; 5; dataset\t0.png;0.62125;2.92064;0
8; 2; 6; dataset\t0.png;0.633628;2.9231;0
8; 2; 7; dataset\t0.png;0.639042;2.92336;0
8; 2; 8; dataset\t0.png;0.646452;2.92566;0
8; 2; 9; dataset\t0.png;0.65208;2.92807;0
8; 2; 10; dataset\t0.png;0.65919;2.92986;0
8; 2; 11; dataset\t0.png;0.669553;2.93229;0
8; 2; 12; dataset\t0.png;0.678625;2.93489;0
8; 2; 13; dataset\t0.png;0.684433;2.93596;0
8; 2; 14; dataset\t0.png;0.688558;2.93683;0
8; 2; 15; dataset\t0.png;0.690802;2.93656;0
8; 3; 2; dataset\t0.png;0.569793;2.90391;0
8; 3; 3; dataset\t0.png;0.58818;2.91053;0
8; 3; 4; dataset\t0.png;0.60372;2.91568;0
8; 3; 5; dataset\t0.png;0.615595;2.91878;0
8; 3; 6; dataset\t0.png;0.628038;2.92121;0
8; 3; 7; dataset\t0.png;0.63843;2.92313;0
8; 3; 8; dataset\t0.png;0.645785;2.92527;0
8; 3; 9; dataset\t0.png;0.653198;2.92824;0
8; 3; 10; dataset\t0.png;0.660745;2.93016;0
8; 3; 11; dataset\t0.png;0.66998;2.93238;0
8; 3; 12; dataset\t0.png;0.681127;2.9354;0
8; 3; 13; dataset\t0.png;0.688612;2.9368;0
8; 3; 14; dataset\t0.png;0.695257;2.93784;0
8; 3; 15; dataset\t0.png;0.699773;2.93838;0
8; 4; 2; dataset\t0.png;0.613198;2.92151;0
8; 4; 3; dataset\t0.png;0.608297;2.91854;0
8; 4; 4; dataset\t0.png;0.6084;2.91776;0
8; 4; 5; dataset\t0.png;0.615273;2.91858;0
8; 4; 6; dataset\t0.png;0.6248;2.91995;0
8; 4; 7; dataset\t0.png;0.636208;2.92249;0
8; 4; 8; dataset\t0.png;0.646225;2.92541;0
8; 4; 9; dataset\t0.png;0.654663;2.92831;0
8; 4; 10; dataset\t0.png;0.662585;2.93057;0
8; 4; 11; dataset\t0.png;0.672727;2.93286;0
8; 4; 12; dataset\t0.png;0.68304;2.9355;0
8; 4; 13; dataset\t0.png;0.691608;2.9375;0
8; 4; 14; dataset\t0.png;0.702233;2.93944;0
8; 4; 15; dataset\t0.png;0.708703;2.9402;0
8; 5; 2; dataset\t0.png;0.62622;2.9263;0
8; 5; 3; dataset\t0.png;0.614803;2.92114;0
8; 5; 4; dataset\t0.png;0.611768;2.91909;0
8; 5; 5; dataset\t0.png;0.616317;2.91915;0
8; 5; 6; dataset\t0.png;0.624793;2.91991;0
8; 5; 7; dataset\t0.png;0.63512;2.92208;0
8; 5; 8; dataset\t0.png;0.644348;2.92488;0
8; 5; 9; dataset\t0.png;0.654758;2.92827;0
8; 5; 10; dataset\t0.png;0.66467;2.93077;0
8; 5; 11; dataset\t0.png;0.67616;2.93338;0
8; 5; 12; dataset\t0.png;0.68593;2.93596;0
8; 5; 13; dataset\t0.png;0.696142;2.93843;0
8; 5; 14; dataset\t0.png;0.706628;2.94063;0
8; 5; 15; dataset\t0.png;0.713023;2.94093;0
8; 6; 2; dataset\t0.png;0.626437;2.92669;0
8; 6; 3; dataset\t0.png;0.620573;2.92346;0
8; 6; 4; dataset\t0.png;0.61888;2.92173;0
8; 6; 5; dataset\t0.png;0.620775;2.92101;0
8; 6; 6; dataset\t0.png;0.62675;2.92123;0
8; 6; 7; dataset\t0.png;0.635678;2.92265;0
8; 6; 8; dataset\t0.png;0.646335;2.92583;0
8; 6; 9; dataset\t0.png;0.657645;2.92942;0
8; 6; 10; dataset\t0.png;0.669192;2.93206;0
8; 6; 11; dataset\t0.png;0.67939;2.93455;0
8; 6; 12; dataset\t0.png;0.691198;2.93786;0
8; 6; 13; dataset\t0.png;0.700783;2.94;0
8; 6; 14; dataset\t0.png;0.709433;2.9416;0
8; 6; 15; dataset\t0.png;0.71832;2.94244;0
8; 7; 2; dataset\t0.png;0.632795;2.92885;0
8; 7; 3; dataset\t0.png;0.629048;2.92648;0
8; 7; 4; dataset\t0.png;0.6297;2.92562;0
8; 7; 5; dataset\t0.png;0.63012;2.92435;0
8; 7; 6; dataset\t0.png;0.63287;2.92355;0
8; 7; 7; dataset\t0.png;0.639123;2.92405;0
8; 7; 8; dataset\t0.png;0.649163;2.92685;0
8; 7; 9; dataset\t0.png;0.661165;2.93047;0
8; 7; 10; dataset\t0.png;0.672432;2.93318;0
8; 7; 11; dataset\t0.png;0.682578;2.93547;0
8; 7; 12; dataset\t0.png;0.692728;2.93879;0
8; 7; 13; dataset\t0.png;0.702093;2.94101;0
8; 7; 14; dataset\t0.png;0.710045;2.94278;0
8; 7; 15; dataset\t0.png;0.722683;2.94401;0
8; 8; 2; dataset\t0.png;0.643903;2.93249;0
8; 8; 3; dataset\t0.png;0.64125;2.93053;0
8; 8; 4; dataset\t0.png;0.640422;2.9294;0
8; 8; 5; dataset\t0.png;0.63964;2.92784;0
8; 8; 6; dataset\t0.png;0.641273;2.92662;0
8; 8; 7; dataset\t0.png;0.645253;2.92621;0
8; 8; 8; dataset\t0.png;0.6536;2.92848;0
8; 8; 9; dataset\t0.png;0.664778;2.93164;0
8; 8; 10; dataset\t0.png;0.675372;2.93414;0
8; 8; 11; dataset\t0.png;0.682458;2.93588;0
8; 8; 12; dataset\t0.png;0.688883;2.93807;0
8; 8; 13; dataset\t0.png;0.69776;2.9403;0
8; 8; 14; dataset\t0.png;0.709125;2.94296;0
8; 8; 15; dataset\t0.png;0.72085;2.94402;0
8; 9; 2; dataset\t0.png;0.658368;2.93717;0
8; 9; 3; dataset\t0.png;0.652975;2.93413;0
8; 9; 4; dataset\t0.png;0.649173;2.93228;0
8; 9; 5; dataset\t0.png;0.647493;2.93069;0
8; 9; 6; dataset\t0.png;0.649003;2.92921;0
8; 9; 7; dataset\t0.png;0.653687;2.92895;0
8; 9; 8; dataset\t0.png;0.663285;2.93151;0
8; 9; 9; dataset\t0.png;0.671605;2.93396;0
8; 9; 10; dataset\t0.png;0.676448;2.93465;0
8; 9; 11; dataset\t0.png;0.680028;2.93563;0
8; 9; 12; dataset\t0.png;0.684368;2.93733;0
8; 9; 13; dataset\t0.png;0.694588;2.93978;0
8; 9; 14; dataset\t0.png;0.70772;2.94292;0
8; 9; 15; dataset\t0.png;0.720903;2.94454;0
8; 10; 2; dataset\t0.png;0.669733;2.94014;0
8; 10; 3; dataset\t0.png;0.661728;2.93612;0
8; 10; 4; dataset\t0.png;0.657223;2.93415;0
8; 10; 5; dataset\t0.png;0.655345;2.93279;0
8; 10; 6; dataset\t0.png;0.656693;2.93116;0
8; 10; 7; dataset\t0.png;0.659083;2.93022;0
8; 10; 8; dataset\t0.png;0.669935;2.93294;0
8; 10; 9; dataset\t0.png;0.675522;2.93502;0
8; 10; 10; dataset\t0.png;0.677005;2.93481;0
8; 10; 11; dataset\t0.png;0.678765;2.9351;0
8; 10; 12; dataset\t0.png;0.685263;2.93735;0
8; 10; 13; dataset\t0.png;0.694028;2.93967;0
8; 10; 14; dataset\t0.png;0.70584;2.94263;0
8; 10; 15; dataset\t0.png;0.719477;2.94489;0
8; 11; 2; dataset\t0.png;0.67654;2.94199;0
8; 11; 3; dataset\t0.png;0.66722;2.93805;0
8; 11; 4; dataset\t0.png;0.662093;2.93546;0
8; 11; 5; dataset\t0.png;0.662473;2.9347;0
8; 11; 6; dataset\t0.png;0.662705;2.93277;0
8; 11; 7; dataset\t0.png;0.664513;2.93148;0
8; 11; 8; dataset\t0.png;0.671455;2.93331;0
8; 11; 9; dataset\t0.png;0.678863;2.9359;0
8; 11; 10; dataset\t0.png;0.681838;2.93612;0
8; 11; 11; dataset\t0.png;0.68601;2.93698;0
8; 11; 12; dataset\t0.png;0.69015;2.9384;0
8; 11; 13; dataset\t0.png;0.697663;2.94043;0
8; 11; 14; dataset\t0.png;0.709045;2.94345;0
8; 11; 15; dataset\t0.png;0.718775;2.945;0
8; 12; 2; dataset\t0.png;0.676805;2.94201;0
8; 12; 3; dataset\t0.png;0.66932;2.93886;0
8; 12; 4; dataset\t0.png;0.666483;2.93676;0
8; 12; 5; dataset\t0.png;0.66577;2.93539;0
8; 12; 6; dataset\t0.png;0.663405;2.93288;0
8; 12; 7; dataset\t0.png;0.66528;2.93159;0
8; 12; 8; dataset\t0.png;0.670783;2.93288;0
8; 12; 9; dataset\t0.png;0.68099;2.93609;0
8; 12; 10; dataset\t0.png;0.687963;2.93725;0
8; 12; 11; dataset\t0.png;0.69228;2.93818;0
8; 12; 12; dataset\t0.png;0.6996;2.9401;0
8; 12; 13; dataset\t0.png;0.707013;2.94173;0
8; 12; 14; dataset\t0.png;0.71545;2.9446;0
8; 12; 15; dataset\t0.png;0.721425;2.94532;0
8; 13; 2; dataset\t0.png;0.674627;2.94152;0
8; 13; 3; dataset\t0.png;0.672475;2.93977;0
8; 13; 4; dataset\t0.png;0.671693;2.93856;0
8; 13; 5; dataset\t0.png;0.67039;2.93675;0
8; 13; 6; dataset\t0.png;0.669075;2.9346;0
8; 13; 7; dataset\t0.png;0.667275;2.9329;0
8; 13; 8; dataset\t0.png;0.674752;2.93471;0
8; 13; 9; dataset\t0.png;0.687368;2.93824;0
8; 13; 10; dataset\t0.png;0.695762;2.93964;0
8; 13; 11; dataset\t0.png;0.700767;2.94038;0
8; 13; 12; dataset\t0.png;0.708007;2.94183;0
8; 13; 13; dataset\t0.png;0.715573;2.94377;0
8; 13; 14; dataset\t0.png;0.7212;2.94569;0
8; 13; 15; dataset\t0.png;0.72489;2.94607;0
8; 14; 2; dataset\t0.png;0.67672;2.94121;0
8; 14; 3; dataset\t0.png;0.677595;2.94028;0
8; 14; 4; dataset\t0.png;0.678688;2.93981;0
8; 14; 5; dataset\t0.png;0.679835;2.93871;0
8; 14; 6; dataset\t0.png;0.678965;2.93666;0
8; 14; 7; dataset\t0.png;0.676113;2.93492;0
8; 14; 8; dataset\t0.png;0.680017;2.93596;0
8; 14; 9; dataset\t0.png;0.691765;2.93918;0
8; 14; 10; dataset\t0.png;0.701575;2.9409;0
8; 14; 11; dataset\t0.png;0.70672;2.94152;0
8; 14; 12; dataset\t0.png;0.71506;2.9434;0
8; 14; 13; dataset\t0.png;0.720783;2.94492;0
8; 14; 14; dataset\t0.png;0.724623;2.94604;0
8; 14; 15; dataset\t0.png;0.728293;2.94609;0
8; 15; 2; dataset\t0.png;0.681555;2.94185;0
8; 15; 3; dataset\t0.png;0.684623;2.9417;0
8; 15; 4; dataset\t0.png;0.687093;2.94157;0
8; 15; 5; dataset\t0.png;0.6893;2.94071;0
8; 15; 6; dataset\t0.png;0.685638;2.93799;0
8; 15; 7; dataset\t0.png;0.683263;2.93587;0
8; 15; 8; dataset\t0.png;0.68509;2.93642;0
8; 15; 9; dataset\t0.png;0.694645;2.93935;0
8; 15; 10; dataset\t0.png;0.700978;2.94047;0
8; 15; 11; dataset\t0.png;0.710392;2.94259;0
8; 15; 12; dataset\t0.png;0.71668;2.94394;0
8; 15; 13; dataset\t0.png;0.722473;2.94556;0
8; 15; 14; dataset\t0.png;0.72621;2.94654;0
8; 15; 15; dataset\t0.png;0.728155;2.94583;0
9; 2; 2; dataset\t0.png;0.571688;3.05219;0
9; 2; 3; dataset\t0.png;0.65836;3.09309;0
9; 2; 4; dataset\t0.png;0.71569;3.11319;0
9; 2; 5; dataset\t0.png;0.74481;3.12085;0
9; 2; 6; dataset\t0.png;0.758568;3.12342;0
9; 2; 7; dataset\t0.png;0.766675;3.1242;0
9; 2; 8; dataset\t0.png;0.774425;3.12603;0
9; 2; 9; dataset\t0.png;0.785203;3.12903;0
9; 2; 10; dataset\t0.png;0.797733;3.13153;0
9; 2; 11; dataset\t0.png;0.80801;3.13376;0
9; 2; 12; dataset\t0.png;0.816303;3.13523;0
9; 2; 13; dataset\t0.png;0.821313;3.13645;0
9; 2; 14; dataset\t0.png;0.830795;3.1393;0
9; 2; 15; dataset\t0.png;0.838338;3.14074;0
9; 3; 2; dataset\t0.png;0.673093;3.10025;0
9; 3; 3; dataset\t0.png;0.699535;3.11012;0
9; 3; 4; dataset\t0.png;0.72131;3.11635;0
9; 3; 5; dataset\t0.png;0.73817;3.12036;0
9; 3; 6; dataset\t0.png;0.75291;3.12297;0
9; 3; 7; dataset\t0.png;0.763218;3.12428;0
9; 3; 8; dataset\t0.png;0.774308;3.12692;0
9; 3; 9; dataset\t0.png;0.784255;3.12995;0
9; 3; 10; dataset\t0.png;0.795135;3.13228;0
9; 3; 11; dataset\t0.png;0.804265;3.13419;0
9; 3; 12; dataset\t0.png;0.815725;3.13571;0
9; 3; 13; dataset\t0.png;0.827242;3.13834;0
9; 3; 14; dataset\t0.png;0.83719;3.14105;0
9; 3; 15; dataset\t0.png;0.842665;3.14192;0
9; 4; 2; dataset\t0.png;0.73346;3.12187;0
9; 4; 3; dataset\t0.png;0.726935;3.1199;0
9; 4; 4; dataset\t0.png;0.725853;3.11858;0
9; 4; 5; dataset\t0.png;0.73606;3.12049;0
9; 4; 6; dataset\t0.png;0.75061;3.12289;0
9; 4; 7; dataset\t0.png;0.763783;3.12461;0
9; 4; 8; dataset\t0.png;0.775443;3.12743;0
9; 4; 9; dataset\t0.png;0.78558;3.13063;0
9; 4; 10; dataset\t0.png;0.793973;3.13272;0
9; 4; 11; dataset\t0.png;0.804603;3.1352;0
9; 4; 12; dataset\t0.png;0.818342;3.13773;0
9; 4; 13; dataset\t0.png;0.833035;3.14062;0
9; 4; 14; dataset\t0.png;0.845235;3.14371;0
9; 4; 15; dataset\t0.png;0.853205;3.14463;0
9; 5; 2; dataset\t0.png;0.748543;3.12667;0
9; 5; 3; dataset\t0.png;0.73704;3.1231;0
9; 5; 4; dataset\t0.png;0.732375;3.12059;0
9; 5; 5; dataset\t0.png;0.740063;3.12174;0
9; 5; 6; dataset\t0.png;0.752098;3.12295;0
9; 5; 7; dataset\t0.png;0.76395;3.12432;0
9; 5; 8; dataset\t0.png;0.777058;3.1278;0
9; 5; 9; dataset\t0.png;0.786463;3.13066;0
9; 5; 10; dataset\t0.png;0.796455;3.13312;0
9; 5; 11; dataset\t0.png;0.808135;3.13599;0
9; 5; 12; dataset\t0.png;0.823783;3.13939;0
9; 5; 13; dataset\t0.png;0.8391;3.14248;0
9; 5; 14; dataset\t0.png;0.853123;3.14583;0
9; 5; 15; dataset\t0.png;0.860825;3.14652;0
9; 6; 2; dataset\t0.png;0.748995;3.12679;0
9; 6; 3; dataset\t0.png;0.744452;3.1252;0
9; 6; 4; dataset\t0.png;0.744108;3.12401;0
9; 6; 5; dataset\t0.png;0.750823;3.1243;0
9; 6; 6; dataset\t0.png;0.757448;3.12453;0
9; 6; 7; dataset\t0.png;0.768912;3.12601;0
9; 6; 8; dataset\t0.png;0.78122;3.12897;0
9; 6; 9; dataset\t0.png;0.792875;3.13192;0
9; 6; 10; dataset\t0.png;0.803178;3.13416;0
9; 6; 11; dataset\t0.png;0.81394;3.13697;0
9; 6; 12; dataset\t0.png;0.827748;3.14008;0
9; 6; 13; dataset\t0.png;0.843902;3.14356;0
9; 6; 14; dataset\t0.png;0.857375;3.14696;0
9; 6; 15; dataset\t0.png;0.864893;3.14762;0
9; 7; 2; dataset\t0.png;0.756987;3.12899;0
9; 7; 3; dataset\t0.png;0.755548;3.12811;0
9; 7; 4; dataset\t0.png;0.757548;3.12763;0
9; 7; 5; dataset\t0.png;0.763165;3.12776;0
9; 7; 6; dataset\t0.png;0.76636;3.12693;0
9; 7; 7; dataset\t0.png;0.774698;3.12781;0
9; 7; 8; dataset\t0.png;0.785713;3.13001;0
9; 7; 9; dataset\t0.png;0.79675;3.13252;0
9; 7; 10; dataset\t0.png;0.807955;3.13524;0
9; 7; 11; dataset\t0.png;0.816947;3.13764;0
9; 7; 12; dataset\t0.png;0.827783;3.14018;0
9; 7; 13; dataset\t0.png;0.84289;3.14363;0
9; 7; 14; dataset\t0.png;0.85704;3.1473;0
9; 7; 15; dataset\t0.png;0.867173;3.14849;0
9; 8; 2; dataset\t0.png;0.771913;3.13272;0
9; 8; 3; dataset\t0.png;0.77004;3.13199;0
9; 8; 4; dataset\t0.png;0.771865;3.13146;0
9; 8; 5; dataset\t0.png;0.77265;3.13014;0
9; 8; 6; dataset\t0.png;0.774253;3.12874;0
9; 8; 7; dataset\t0.png;0.778995;3.12882;0
9; 8; 8; dataset\t0.png;0.788685;3.13051;0
9; 8; 9; dataset\t0.png;0.799605;3.13304;0
9; 8; 10; dataset\t0.png;0.811413;3.13574;0
9; 8; 11; dataset\t0.png;0.81805;3.13782;0
9; 8; 12; dataset\t0.png;0.825415;3.13949;0
9; 8; 13; dataset\t0.png;0.83748;3.1424;0
9; 8; 14; dataset\t0.png;0.852208;3.14636;0
9; 8; 15; dataset\t0.png;0.864;3.14807;0
9; 9; 2; dataset\t0.png;0.79141;3.13738;0
9; 9; 3; dataset\t0.png;0.7853;3.13545;0
9; 9; 4; dataset\t0.png;0.782892;3.13363;0
9; 9; 5; dataset\t0.png;0.781852;3.13243;0
9; 9; 6; dataset\t0.png;0.781845;3.13067;0
9; 9; 7; dataset\t0.png;0.78538;3.13016;0
9; 9; 8; dataset\t0.png;0.791802;3.13118;0
9; 9; 9; dataset\t0.png;0.801165;3.13334;0
9; 9; 10; dataset\t0.png;0.810675;3.13538;0
9; 9; 11; dataset\t0.png;0.81684;3.13718;0
9; 9; 12; dataset\t0.png;0.824823;3.13908;0
9; 9; 13; dataset\t0.png;0.833917;3.14195;0
9; 9; 14; dataset\t0.png;0.848705;3.14594;0
9; 9; 15; dataset\t0.png;0.861747;3.14789;0
9; 10; 2; dataset\t0.png;0.80405;3.14042;0
9; 10; 3; dataset\t0.png;0.795393;3.13808;0
9; 10; 4; dataset\t0.png;0.792913;3.13602;0
9; 10; 5; dataset\t0.png;0.791433;3.13471;0
9; 10; 6; dataset\t0.png;0.790303;3.1332;0
9; 10; 7; dataset\t0.png;0.79354;3.13247;0
9; 10; 8; dataset\t0.png;0.800273;3.1335;0
9; 10; 9; dataset\t0.png;0.807793;3.13533;0
9; 10; 10; dataset\t0.png;0.814302;3.13675;0
9; 10; 11; dataset\t0.png;0.81927;3.13772;0
9; 10; 12; dataset\t0.png;0.824875;3.13925;0
9; 10; 13; dataset\t0.png;0.834293;3.14206;0
9; 10; 14; dataset\t0.png;0.845653;3.14541;0
9; 10; 15; dataset\t0.png;0.860585;3.14813;0
9; 11; 2; dataset\t0.png;0.808793;3.14152;0
9; 11; 3; dataset\t0.png;0.800805;3.13946;0
9; 11; 4; dataset\t0.png;0.797127;3.13695;0
9; 11; 5; dataset\t0.png;0.798503;3.13685;0
9; 11; 6; dataset\t0.png;0.799585;3.13566;0
9; 11; 7; dataset\t0.png;0.80241;3.13465;0
9; 11; 8; dataset\t0.png;0.80998;3.13585;0
9; 11; 9; dataset\t0.png;0.81892;3.13839;0
9; 11; 10; dataset\t0.png;0.825165;3.13948;0
9; 11; 11; dataset\t0.png;0.827772;3.13977;0
9; 11; 12; dataset\t0.png;0.832627;3.14067;0
9; 11; 13; dataset\t0.png;0.838915;3.14281;0
9; 11; 14; dataset\t0.png;0.849347;3.14631;0
9; 11; 15; dataset\t0.png;0.863807;3.14852;0
9; 12; 2; dataset\t0.png;0.811763;3.14267;0
9; 12; 3; dataset\t0.png;0.807005;3.14108;0
9; 12; 4; dataset\t0.png;0.80425;3.13931;0
9; 12; 5; dataset\t0.png;0.8064;3.13928;0
9; 12; 6; dataset\t0.png;0.8066;3.13777;0
9; 12; 7; dataset\t0.png;0.809698;3.13697;0
9; 12; 8; dataset\t0.png;0.818677;3.13841;0
9; 12; 9; dataset\t0.png;0.829735;3.1413;0
9; 12; 10; dataset\t0.png;0.836098;3.14242;0
9; 12; 11; dataset\t0.png;0.839003;3.14277;0
9; 12; 12; dataset\t0.png;0.842003;3.14306;0
9; 12; 13; dataset\t0.png;0.8493;3.14533;0
9; 12; 14; dataset\t0.png;0.858343;3.14887;0
9; 12; 15; dataset\t0.png;0.867387;3.15013;0
9; 13; 2; dataset\t0.png;0.815458;3.14375;0
9; 13; 3; dataset\t0.png;0.812225;3.1427;0
9; 13; 4; dataset\t0.png;0.812072;3.14158;0
9; 13; 5; dataset\t0.png;0.814588;3.14111;0
9; 13; 6; dataset\t0.png;0.81569;3.1397;0
9; 13; 7; dataset\t0.png;0.817098;3.13895;0
9; 13; 8; dataset\t0.png;0.826338;3.14061;0
9; 13; 9; dataset\t0.png;0.836705;3.14307;0
9; 13; 10; dataset\t0.png;0.845488;3.14443;0
9; 13; 11; dataset\t0.png;0.849302;3.14503;0
9; 13; 12; dataset\t0.png;0.853693;3.14584;0
9; 13; 13; dataset\t0.png;0.86031;3.14796;0
9; 13; 14; dataset\t0.png;0.86805;3.15106;0
9; 13; 15; dataset\t0.png;0.87348;3.15178;0
9; 14; 2; dataset\t0.png;0.818323;3.14356;0
9; 14; 3; dataset\t0.png;0.817583;3.14314;0
9; 14; 4; dataset\t0.png;0.81967;3.14264;0
9; 14; 5; dataset\t0.png;0.822465;3.14191;0
9; 14; 6; dataset\t0.png;0.821928;3.14016;0
9; 14; 7; dataset\t0.png;0.81967;3.1387;0
9; 14; 8; dataset\t0.png;0.826428;3.13963;0
9; 14; 9; dataset\t0.png;0.837893;3.1423;0
9; 14; 10; dataset\t0.png;0.847943;3.1443;0
9; 14; 11; dataset\t0.png;0.85663;3.14586;0
9; 14; 12; dataset\t0.png;0.861443;3.14658;0
9; 14; 13; dataset\t0.png;0.865463;3.14812;0
9; 14; 14; dataset\t0.png;0.871295;3.15061;0
9; 14; 15; dataset\t0.png;0.87592;3.15135;0
9; 15; 2; dataset\t0.png;0.825125;3.14395;0
9; 15; 3; dataset\t0.png;0.828097;3.14433;0
9; 15; 4; dataset\t0.png;0.829825;3.1437;0
9; 15; 5; dataset\t0.png;0.830732;3.14275;0
9; 15; 6; dataset\t0.png;0.825815;3.14027;0
9; 15; 7; dataset\t0.png;0.820893;3.13824;0
9; 15; 8; dataset\t0.png;0.824815;3.13826;0
9; 15; 9; dataset\t0.png;0.83587;3.14054;0
9; 15; 10; dataset\t0.png;0.847528;3.14288;0
9; 15; 11; dataset\t0.png;0.858735;3.14516;0
9; 15; 12; dataset\t0.png;0.86453;3.1463;0
9; 15; 13; dataset\t0.png;0.869445;3.14749;0
9; 15; 14; dataset\t0.png;0.872003;3.14934;0
9; 15; 15; dataset\t0.png;0.876217;3.15011;0
10; 2; 2; dataset\t0.png;0.665388;3.20545;0
10; 2; 3; dataset\t0.png;0.76944;3.24797;0
10; 2; 4; dataset\t0.png;0.833253;3.26725;0
10; 2; 5; dataset\t0.png;0.860755;3.27349;0
10; 2; 6; dataset\t0.png;0.870003;3.27431;0
10; 2; 7; dataset\t0.png;0.88062;3.27589;0
10; 2; 8; dataset\t0.png;0.895028;3.27884;0
10; 2; 9; dataset\t0.png;0.912915;3.28348;0
10; 2; 10; dataset\t0.png;0.925172;3.28683;0
10; 2; 11; dataset\t0.png;0.935738;3.28941;0
10; 2; 12; dataset\t0.png;0.947253;3.29204;0
10; 2; 13; dataset\t0.png;0.958143;3.29335;0
10; 2; 14; dataset\t0.png;0.970847;3.29608;0
10; 2; 15; dataset\t0.png;0.984508;3.29892;0
10; 3; 2; dataset\t0.png;0.783068;3.25349;0
10; 3; 3; dataset\t0.png;0.81641;3.26475;0
10; 3; 4; dataset\t0.png;0.840823;3.27081;0
10; 3; 5; dataset\t0.png;0.85508;3.27318;0
10; 3; 6; dataset\t0.png;0.8671;3.27487;0
10; 3; 7; dataset\t0.png;0.880865;3.27691;0
10; 3; 8; dataset\t0.png;0.896395;3.27981;0
10; 3; 9; dataset\t0.png;0.90803;3.28298;0
10; 3; 10; dataset\t0.png;0.919465;3.28637;0
10; 3; 11; dataset\t0.png;0.93467;3.28988;0
10; 3; 12; dataset\t0.png;0.949908;3.2931;0
10; 3; 13; dataset\t0.png;0.96411;3.29523;0
10; 3; 14; dataset\t0.png;0.980612;3.29826;0
10; 3; 15; dataset\t0.png;0.990978;3.30013;0
10; 4; 2; dataset\t0.png;0.851943;3.27593;0
10; 4; 3; dataset\t0.png;0.846025;3.2747;0
10; 4; 4; dataset\t0.png;0.848228;3.27415;0
10; 4; 5; dataset\t0.png;0.857855;3.27522;0
10; 4; 6; dataset\t0.png;0.870278;3.27667;0
10; 4; 7; dataset\t0.png;0.883815;3.27829;0
10; 4; 8; dataset\t0.png;0.899243;3.28189;0
10; 4; 9; dataset\t0.png;0.911158;3.28498;0
10; 4; 10; dataset\t0.png;0.92517;3.28868;0
10; 4; 11; dataset\t0.png;0.941685;3.29252;0
10; 4; 12; dataset\t0.png;0.957835;3.29611;0
10; 4; 13; dataset\t0.png;0.977555;3.29876;0
10; 4; 14; dataset\t0.png;0.994185;3.30169;0
10; 4; 15; dataset\t0.png;0.999788;3.30262;0
10; 5; 2; dataset\t0.png;0.872107;3.28227;0
10; 5; 3; dataset\t0.png;0.860538;3.27889;0
10; 5; 4; dataset\t0.png;0.857398;3.27687;0
10; 5; 5; dataset\t0.png;0.864967;3.27703;0
10; 5; 6; dataset\t0.png;0.87776;3.2784;0
10; 5; 7; dataset\t0.png;0.88923;3.28024;0
10; 5; 8; dataset\t0.png;0.905015;3.28371;0
10; 5; 9; dataset\t0.png;0.92051;3.28747;0
10; 5; 10; dataset\t0.png;0.933435;3.29077;0
10; 5; 11; dataset\t0.png;0.950185;3.29456;0
10; 5; 12; dataset\t0.png;0.96617;3.29769;0
10; 5; 13; dataset\t0.png;0.98602;3.30066;0
10; 5; 14; dataset\t0.png;1.00267;3.30379;0
10; 5; 15; dataset\t0.png;1.00843;3.30475;0
10; 6; 2; dataset\t0.png;0.87272;3.28267;0
10; 6; 3; dataset\t0.png;0.867853;3.28087;0
10; 6; 4; dataset\t0.png;0.869453;3.28007;0
10; 6; 5; dataset\t0.png;0.878368;3.28059;0
10; 6; 6; dataset\t0.png;0.88669;3.28082;0
10; 6; 7; dataset\t0.png;0.896523;3.28217;0
10; 6; 8; dataset\t0.png;0.912155;3.28544;0
10; 6; 9; dataset\t0.png;0.928723;3.28907;0
10; 6; 10; dataset\t0.png;0.944363;3.29268;0
10; 6; 11; dataset\t0.png;0.96054;3.29627;0
10; 6; 12; dataset\t0.png;0.973988;3.29909;0
10; 6; 13; dataset\t0.png;0.98958;3.30191;0
10; 6; 14; dataset\t0.png;1.00711;3.30542;0
10; 6; 15; dataset\t0.png;1.01422;3.30635;0
10; 7; 2; dataset\t0.png;0.88047;3.28432;0
10; 7; 3; dataset\t0.png;0.880388;3.28371;0
10; 7; 4; dataset\t0.png;0.883633;3.28343;0
10; 7; 5; dataset\t0.png;0.889325;3.28327;0
10; 7; 6; dataset\t0.png;0.893593;3.2828;0
10; 7; 7; dataset\t0.png;0.902238;3.2838;0
10; 7; 8; dataset\t0.png;0.916382;3.28621;0
10; 7; 9; dataset\t0.png;0.934915;3.28985;0
10; 7; 10; dataset\t0.png;0.950005;3.29358;0
10; 7; 11; dataset\t0.png;0.965943;3.29719;0
10; 7; 12; dataset\t0.png;0.97721;3.30005;0
10; 7; 13; dataset\t0.png;0.987915;3.30228;0
10; 7; 14; dataset\t0.png;1.00406;3.30566;0
10; 7; 15; dataset\t0.png;1.0191;3.30758;0
10; 8; 2; dataset\t0.png;0.899898;3.28921;0
10; 8; 3; dataset\t0.png;0.896765;3.28766;0
10; 8; 4; dataset\t0.png;0.895782;3.28633;0
10; 8; 5; dataset\t0.png;0.89747;3.28501;0
10; 8; 6; dataset\t0.png;0.898838;3.2841;0
10; 8; 7; dataset\t0.png;0.905675;3.28448;0
10; 8; 8; dataset\t0.png;0.919468;3.28688;0
10; 8; 9; dataset\t0.png;0.936788;3.29014;0
10; 8; 10; dataset\t0.png;0.954218;3.2939;0
10; 8; 11; dataset\t0.png;0.96568;3.29676;0
10; 8; 12; dataset\t0.png;0.975345;3.2999;0
10; 8; 13; dataset\t0.png;0.984095;3.30163;0
10; 8; 14; dataset\t0.png;1.00155;3.30509;0
10; 8; 15; dataset\t0.png;1.01936;3.30767;0
10; 9; 2; dataset\t0.png;0.91949;3.29411;0
10; 9; 3; dataset\t0.png;0.910587;3.29164;0
10; 9; 4; dataset\t0.png;0.904763;3.28901;0
10; 9; 5; dataset\t0.png;0.904108;3.28734;0
10; 9; 6; dataset\t0.png;0.90629;3.28606;0
10; 9; 7; dataset\t0.png;0.91336;3.28642;0
10; 9; 8; dataset\t0.png;0.92427;3.28827;0
10; 9; 9; dataset\t0.png;0.939223;3.29111;0
10; 9; 10; dataset\t0.png;0.948928;3.29356;0
10; 9; 11; dataset\t0.png;0.959178;3.29571;0
10; 9; 12; dataset\t0.png;0.96743;3.29881;0
10; 9; 13; dataset\t0.png;0.977248;3.30095;0
10; 9; 14; dataset\t0.png;0.99661;3.30501;0
10; 9; 15; dataset\t0.png;1.01673;3.30782;0
10; 10; 2; dataset\t0.png;0.928295;3.29639;0
10; 10; 3; dataset\t0.png;0.917543;3.29347;0
10; 10; 4; dataset\t0.png;0.912298;3.29137;0
10; 10; 5; dataset\t0.png;0.913617;3.29031;0
10; 10; 6; dataset\t0.png;0.918502;3.28933;0
10; 10; 7; dataset\t0.png;0.927353;3.28981;0
10; 10; 8; dataset\t0.png;0.93601;3.29121;0
10; 10; 9; dataset\t0.png;0.942905;3.29234;0
10; 10; 10; dataset\t0.png;0.949518;3.29415;0
10; 10; 11; dataset\t0.png;0.95633;3.29578;0
10; 10; 12; dataset\t0.png;0.964745;3.29851;0
10; 10; 13; dataset\t0.png;0.976785;3.30141;0
10; 10; 14; dataset\t0.png;0.993503;3.30514;0
10; 10; 15; dataset\t0.png;1.0141;3.3083;0
10; 11; 2; dataset\t0.png;0.929778;3.29741;0
10; 11; 3; dataset\t0.png;0.921265;3.29526;0
10; 11; 4; dataset\t0.png;0.918408;3.29343;0
10; 11; 5; dataset\t0.png;0.924693;3.29345;0
10; 11; 6; dataset\t0.png;0.93281;3.29353;0
10; 11; 7; dataset\t0.png;0.941808;3.29401;0
10; 11; 8; dataset\t0.png;0.950353;3.29525;0
10; 11; 9; dataset\t0.png;0.955767;3.29618;0
10; 11; 10; dataset\t0.png;0.960838;3.29757;0
10; 11; 11; dataset\t0.png;0.963023;3.2983;0
10; 11; 12; dataset\t0.png;0.970463;3.3003;0
10; 11; 13; dataset\t0.png;0.980883;3.30262;0
10; 11; 14; dataset\t0.png;0.99467;3.30597;0
10; 11; 15; dataset\t0.png;1.01382;3.30922;0
10; 12; 2; dataset\t0.png;0.931225;3.29777;0
10; 12; 3; dataset\t0.png;0.925738;3.29646;0
10; 12; 4; dataset\t0.png;0.927065;3.29583;0
10; 12; 5; dataset\t0.png;0.933745;3.29605;0
10; 12; 6; dataset\t0.png;0.94303;3.29646;0
10; 12; 7; dataset\t0.png;0.953762;3.29678;0
10; 12; 8; dataset\t0.png;0.96226;3.29805;0
10; 12; 9; dataset\t0.png;0.97051;3.29984;0
10; 12; 10; dataset\t0.png;0.97593;3.301;0
10; 12; 11; dataset\t0.png;0.98151;3.30201;0
10; 12; 12; dataset\t0.png;0.986228;3.30349;0
10; 12; 13; dataset\t0.png;0.99324;3.30488;0
10; 12; 14; dataset\t0.png;1.00312;3.30735;0
10; 12; 15; dataset\t0.png;1.01598;3.30924;0
10; 13; 2; dataset\t0.png;0.933633;3.29794;0
10; 13; 3; dataset\t0.png;0.932605;3.29796;0
10; 13; 4; dataset\t0.png;0.938358;3.29878;0
10; 13; 5; dataset\t0.png;0.943153;3.29852;0
10; 13; 6; dataset\t0.png;0.949743;3.29818;0
10; 13; 7; dataset\t0.png;0.958668;3.29818;0
10; 13; 8; dataset\t0.png;0.969665;3.2997;0
10; 13; 9; dataset\t0.png;0.982075;3.30201;0
10; 13; 10; dataset\t0.png;0.993458;3.30445;0
10; 13; 11; dataset\t0.png;0.99926;3.30538;0
10; 13; 12; dataset\t0.png;1.00138;3.30626;0
10; 13; 13; dataset\t0.png;1.00421;3.30693;0
10; 13; 14; dataset\t0.png;1.0117;3.30881;0
10; 13; 15; dataset\t0.png;1.01977;3.30953;0
10; 14; 2; dataset\t0.png;0.941418;3.29833;0
10; 14; 3; dataset\t0.png;0.942977;3.29857;0
10; 14; 4; dataset\t0.png;0.948078;3.29941;0
10; 14; 5; dataset\t0.png;0.951435;3.29898;0
10; 14; 6; dataset\t0.png;0.956618;3.29831;0
10; 14; 7; dataset\t0.png;0.95832;3.29708;0
10; 14; 8; dataset\t0.png;0.968855;3.29889;0
10; 14; 9; dataset\t0.png;0.983045;3.30122;0
10; 14; 10; dataset\t0.png;0.997235;3.30386;0
10; 14; 11; dataset\t0.png;1.00506;3.30536;0
10; 14; 12; dataset\t0.png;1.00842;3.30643;0
10; 14; 13; dataset\t0.png;1.00923;3.3064;0
10; 14; 14; dataset\t0.png;1.01399;3.30804;0
10; 14; 15; dataset\t0.png;1.02189;3.30916;0
10; 15; 2; dataset\t0.png;0.952025;3.29889;0
10; 15; 3; dataset\t0.png;0.953423;3.29903;0
10; 15; 4; dataset\t0.png;0.95892;3.29994;0
10; 15; 5; dataset\t0.png;0.961343;3.29969;0
10; 15; 6; dataset\t0.png;0.960293;3.29792;0
10; 15; 7; dataset\t0.png;0.961515;3.29674;0
10; 15; 8; dataset\t0.png;0.966118;3.29732;0
10; 15; 9; dataset\t0.png;0.980035;3.2994;0
10; 15; 10; dataset\t0.png;0.99251;3.30127;0
10; 15; 11; dataset\t0.png;1.00246;3.30333;0
10; 15; 12; dataset\t0.png;1.00741;3.30487;0
10; 15; 13; dataset\t0.png;1.00739;3.30535;0
10; 15; 14; dataset\t0.png;1.01306;3.3072;0
10; 15; 15; dataset\t0.png;1.0226;3.30843;0
11; 2; 2; dataset\t0.png;0.74612;3.32676;0
11; 2; 3; dataset\t0.png;0.866408;3.37164;0
11; 2; 4; dataset\t0.png;0.943623;3.39327;0
11; 2; 5; dataset\t0.png;0.977908;3.40074;0
11; 2; 6; dataset\t0.png;0.987375;3.40095;0
11; 2; 7; dataset\t0.png;0.996285;3.4013;0
11; 2; 8; dataset\t0.png;1.01161;3.40446;0
11; 2; 9; dataset\t0.png;1.03019;3.40917;0
11; 2; 10; dataset\t0.png;1.04291;3.41225;0
11; 2; 11; dataset\t0.png;1.05676;3.41595;0
11; 2; 12; dataset\t0.png;1.06411;3.417;0
11; 2; 13; dataset\t0.png;1.07462;3.41817;0
11; 2; 14; dataset\t0.png;1.09066;3.42055;0
11; 2; 15; dataset\t0.png;1.10543;3.42225;0
11; 3; 2; dataset\t0.png;0.883603;3.37813;0
11; 3; 3; dataset\t0.png;0.921915;3.38964;0
11; 3; 4; dataset\t0.png;0.95196;3.39681;0
11; 3; 5; dataset\t0.png;0.970803;3.39997;0
11; 3; 6; dataset\t0.png;0.981605;3.40065;0
11; 3; 7; dataset\t0.png;0.991595;3.40093;0
11; 3; 8; dataset\t0.png;1.00561;3.40375;0
11; 3; 9; dataset\t0.png;1.02275;3.40825;0
11; 3; 10; dataset\t0.png;1.03769;3.41187;0
11; 3; 11; dataset\t0.png;1.05157;3.41528;0
11; 3; 12; dataset\t0.png;1.06523;3.41806;0
11; 3; 13; dataset\t0.png;1.08255;3.4202;0
11; 3; 14; dataset\t0.png;1.10048;3.42243;0
11; 3; 15; dataset\t0.png;1.11332;3.42393;0
11; 4; 2; dataset\t0.png;0.963033;3.40133;0
11; 4; 3; dataset\t0.png;0.95855;3.40007;0
11; 4; 4; dataset\t0.png;0.959023;3.3992;0
11; 4; 5; dataset\t0.png;0.97137;3.40082;0
11; 4; 6; dataset\t0.png;0.98242;3.40175;0
11; 4; 7; dataset\t0.png;0.995438;3.40263;0
11; 4; 8; dataset\t0.png;1.00936;3.40545;0
11; 4; 9; dataset\t0.png;1.02374;3.40916;0
11; 4; 10; dataset\t0.png;1.0415;3.41283;0
11; 4; 11; dataset\t0.png;1.05852;3.41655;0
11; 4; 12; dataset\t0.png;1.07543;3.42023;0
11; 4; 13; dataset\t0.png;1.09573;3.42319;0
11; 4; 14; dataset\t0.png;1.11644;3.42593;0
11; 4; 15; dataset\t0.png;1.12895;3.42777;0
11; 5; 2; dataset\t0.png;0.983258;3.40697;0
11; 5; 3; dataset\t0.png;0.97162;3.40371;0
11; 5; 4; dataset\t0.png;0.969863;3.40219;0
11; 5; 5; dataset\t0.png;0.977725;3.40258;0
11; 5; 6; dataset\t0.png;0.989445;3.40383;0
11; 5; 7; dataset\t0.png;1.00077;3.40449;0
11; 5; 8; dataset\t0.png;1.01778;3.40792;0
11; 5; 9; dataset\t0.png;1.0357;3.41199;0
11; 5; 10; dataset\t0.png;1.05261;3.41545;0
11; 5; 11; dataset\t0.png;1.07169;3.41953;0
11; 5; 12; dataset\t0.png;1.09175;3.42363;0
11; 5; 13; dataset\t0.png;1.11399;3.42661;0
11; 5; 14; dataset\t0.png;1.13383;3.42988;0
11; 5; 15; dataset\t0.png;1.1483;3.4316;0
11; 6; 2; dataset\t0.png;0.985535;3.40849;0
11; 6; 3; dataset\t0.png;0.981465;3.40683;0
11; 6; 4; dataset\t0.png;0.9786;3.40473;0
11; 6; 5; dataset\t0.png;0.985585;3.40508;0
11; 6; 6; dataset\t0.png;0.99506;3.40551;0
11; 6; 7; dataset\t0.png;1.00767;3.40684;0
11; 6; 8; dataset\t0.png;1.02701;3.41089;0
11; 6; 9; dataset\t0.png;1.04768;3.41524;0
11; 6; 10; dataset\t0.png;1.06528;3.41817;0
11; 6; 11; dataset\t0.png;1.08717;3.42292;0
11; 6; 12; dataset\t0.png;1.10687;3.42688;0
11; 6; 13; dataset\t0.png;1.12628;3.42943;0
11; 6; 14; dataset\t0.png;1.14726;3.43324;0
11; 6; 15; dataset\t0.png;1.16095;3.43427;0
11; 7; 2; dataset\t0.png;0.995038;3.41099;0
11; 7; 3; dataset\t0.png;0.994475;3.41028;0
11; 7; 4; dataset\t0.png;0.993028;3.40817;0
11; 7; 5; dataset\t0.png;0.994883;3.4069;0
11; 7; 6; dataset\t0.png;0.99979;3.40653;0
11; 7; 7; dataset\t0.png;1.01153;3.40799;0
11; 7; 8; dataset\t0.png;1.032;3.41216;0
11; 7; 9; dataset\t0.png;1.05503;3.41703;0
11; 7; 10; dataset\t0.png;1.07518;3.42037;0
11; 7; 11; dataset\t0.png;1.09695;3.42468;0
11; 7; 12; dataset\t0.png;1.11424;3.42854;0
11; 7; 13; dataset\t0.png;1.1313;3.4309;0
11; 7; 14; dataset\t0.png;1.14892;3.43379;0
11; 7; 15; dataset\t0.png;1.1659;3.4354;0
11; 8; 2; dataset\t0.png;1.0123;3.415;0
11; 8; 3; dataset\t0.png;1.01198;3.41485;0
11; 8; 4; dataset\t0.png;1.01209;3.41295;0
11; 8; 5; dataset\t0.png;1.01085;3.41091;0
11; 8; 6; dataset\t0.png;1.0115;3.40986;0
11; 8; 7; dataset\t0.png;1.02023;3.41048;0
11; 8; 8; dataset\t0.png;1.03909;3.41378;0
11; 8; 9; dataset\t0.png;1.0601;3.4179;0
11; 8; 10; dataset\t0.png;1.07844;3.42141;0
11; 8; 11; dataset\t0.png;1.09556;3.42504;0
11; 8; 12; dataset\t0.png;1.10882;3.4281;0
11; 8; 13; dataset\t0.png;1.12588;3.43033;0
11; 8; 14; dataset\t0.png;1.14694;3.43378;0
11; 8; 15; dataset\t0.png;1.16489;3.43587;0
11; 9; 2; dataset\t0.png;1.03834;3.42116;0
11; 9; 3; dataset\t0.png;1.03475;3.42008;0
11; 9; 4; dataset\t0.png;1.03069;3.41769;0
11; 9; 5; dataset\t0.png;1.02578;3.41494;0
11; 9; 6; dataset\t0.png;1.02509;3.41344;0
11; 9; 7; dataset\t0.png;1.03106;3.41311;0
11; 9; 8; dataset\t0.png;1.04776;3.41605;0
11; 9; 9; dataset\t0.png;1.06498;3.41927;0
11; 9; 10; dataset\t0.png;1.08092;3.42199;0
11; 9; 11; dataset\t0.png;1.09093;3.4247;0
11; 9; 12; dataset\t0.png;1.10282;3.42738;0
11; 9; 13; dataset\t0.png;1.11867;3.42957;0
11; 9; 14; dataset\t0.png;1.14033;3.43319;0
11; 9; 15; dataset\t0.png;1.16368;3.43579;0
11; 10; 2; dataset\t0.png;1.05591;3.42542;0
11; 10; 3; dataset\t0.png;1.04843;3.42345;0
11; 10; 4; dataset\t0.png;1.04262;3.42104;0
11; 10; 5; dataset\t0.png;1.04345;3.41955;0
11; 10; 6; dataset\t0.png;1.04526;3.41834;0
11; 10; 7; dataset\t0.png;1.04844;3.4173;0
11; 10; 8; dataset\t0.png;1.05969;3.41891;0
11; 10; 9; dataset\t0.png;1.07185;3.42165;0
11; 10; 10; dataset\t0.png;1.08286;3.42374;0
11; 10; 11; dataset\t0.png;1.09157;3.42582;0
11; 10; 12; dataset\t0.png;1.09949;3.42764;0
11; 10; 13; dataset\t0.png;1.11745;3.43037;0
11; 10; 14; dataset\t0.png;1.13787;3.43407;0
11; 10; 15; dataset\t0.png;1.15618;3.43605;0
11; 11; 2; dataset\t0.png;1.06428;3.42756;0
11; 11; 3; dataset\t0.png;1.05862;3.42613;0
11; 11; 4; dataset\t0.png;1.05485;3.42425;0
11; 11; 5; dataset\t0.png;1.05744;3.4231;0
11; 11; 6; dataset\t0.png;1.06003;3.42216;0
11; 11; 7; dataset\t0.png;1.06354;3.42076;0
11; 11; 8; dataset\t0.png;1.07357;3.42197;0
11; 11; 9; dataset\t0.png;1.08418;3.42457;0
11; 11; 10; dataset\t0.png;1.09069;3.42604;0
11; 11; 11; dataset\t0.png;1.09827;3.42745;0
11; 11; 12; dataset\t0.png;1.10792;3.42929;0
11; 11; 13; dataset\t0.png;1.12166;3.4313;0
11; 11; 14; dataset\t0.png;1.1423;3.43566;0
11; 11; 15; dataset\t0.png;1.15931;3.43758;0
11; 12; 2; dataset\t0.png;1.07085;3.42885;0
11; 12; 3; dataset\t0.png;1.06757;3.4284;0
11; 12; 4; dataset\t0.png;1.06386;3.42603;0
11; 12; 5; dataset\t0.png;1.06605;3.42497;0
11; 12; 6; dataset\t0.png;1.07252;3.4251;0
11; 12; 7; dataset\t0.png;1.07594;3.42338;0
11; 12; 8; dataset\t0.png;1.08553;3.42463;0
11; 12; 9; dataset\t0.png;1.09721;3.42761;0
11; 12; 10; dataset\t0.png;1.10439;3.42871;0
11; 12; 11; dataset\t0.png;1.11233;3.43025;0
11; 12; 12; dataset\t0.png;1.12234;3.43175;0
11; 12; 13; dataset\t0.png;1.13639;3.43384;0
11; 12; 14; dataset\t0.png;1.15014;3.43722;0
11; 12; 15; dataset\t0.png;1.16004;3.43762;0
11; 13; 2; dataset\t0.png;1.07349;3.42932;0
11; 13; 3; dataset\t0.png;1.07362;3.4291;0
11; 13; 4; dataset\t0.png;1.07286;3.42775;0
11; 13; 5; dataset\t0.png;1.07641;3.42718;0
11; 13; 6; dataset\t0.png;1.07901;3.4263;0
11; 13; 7; dataset\t0.png;1.08387;3.42533;0
11; 13; 8; dataset\t0.png;1.09516;3.42705;0
11; 13; 9; dataset\t0.png;1.1076;3.4297;0
11; 13; 10; dataset\t0.png;1.11846;3.43083;0
11; 13; 11; dataset\t0.png;1.12874;3.43278;0
11; 13; 12; dataset\t0.png;1.13872;3.43476;0
11; 13; 13; dataset\t0.png;1.14802;3.43622;0
11; 13; 14; dataset\t0.png;1.15994;3.43878;0
11; 13; 15; dataset\t0.png;1.16545;3.43829;0
11; 14; 2; dataset\t0.png;1.07456;3.42856;0
11; 14; 3; dataset\t0.png;1.07679;3.42897;0
11; 14; 4; dataset\t0.png;1.0801;3.42827;0
11; 14; 5; dataset\t0.png;1.08086;3.42703;0
11; 14; 6; dataset\t0.png;1.08243;3.4263;0
11; 14; 7; dataset\t0.png;1.08716;3.42598;0
11; 14; 8; dataset\t0.png;1.0983;3.4276;0
11; 14; 9; dataset\t0.png;1.11201;3.42987;0
11; 14; 10; dataset\t0.png;1.12787;3.43206;0
11; 14; 11; dataset\t0.png;1.13818;3.43419;0
11; 14; 12; dataset\t0.png;1.14535;3.43534;0
11; 14; 13; dataset\t0.png;1.15313;3.43698;0
11; 14; 14; dataset\t0.png;1.16348;3.43909;0
11; 14; 15; dataset\t0.png;1.16812;3.43848;0
11; 15; 2; dataset\t0.png;1.08096;3.42914;0
11; 15; 3; dataset\t0.png;1.08413;3.42964;0
11; 15; 4; dataset\t0.png;1.08968;3.42953;0
11; 15; 5; dataset\t0.png;1.09075;3.4284;0
11; 15; 6; dataset\t0.png;1.09197;3.42755;0
11; 15; 7; dataset\t0.png;1.09349;3.42664;0
11; 15; 8; dataset\t0.png;1.10128;3.42751;0
11; 15; 9; dataset\t0.png;1.11527;3.43003;0
11; 15; 10; dataset\t0.png;1.12905;3.43209;0
11; 15; 11; dataset\t0.png;1.14281;3.43487;0
11; 15; 12; dataset\t0.png;1.14934;3.43571;0
11; 15; 13; dataset\t0.png;1.15458;3.43663;0
11; 15; 14; dataset\t0.png;1.16331;3.43836;0
11; 15; 15; dataset\t0.png;1.17268;3.43884;0
12; 2; 2; dataset\t0.png;0.88505;3.50035;0
12; 2; 3; dataset\t0.png;1.03293;3.54661;0
12; 2; 4; dataset\t0.png;1.12773;3.56925;0
12; 2; 5; dataset\t0.png;1.16918;3.57671;0
12; 2; 6; dataset\t0.png;1.18793;3.57907;0
12; 2; 7; dataset\t0.png;1.20229;3.58075;0
12; 2; 8; dataset\t0.png;1.22038;3.58408;0
12; 2; 9; dataset\t0.png;1.24444;3.58858;0
12; 2; 10; dataset\t0.png;1.26256;3.59199;0
12; 2; 11; dataset\t0.png;1.27482;3.5941;0
12; 2; 12; dataset\t0.png;1.28541;3.59564;0
12; 2; 13; dataset\t0.png;1.29798;3.59714;0
12; 2; 14; dataset\t0.png;1.31458;3.59935;0
12; 2; 15; dataset\t0.png;1.3305;3.60147;0
12; 3; 2; dataset\t0.png;1.05825;3.55383;0
12; 3; 3; dataset\t0.png;1.10595;3.56548;0
12; 3; 4; dataset\t0.png;1.13829;3.57228;0
12; 3; 5; dataset\t0.png;1.15967;3.57536;0
12; 3; 6; dataset\t0.png;1.17784;3.57731;0
12; 3; 7; dataset\t0.png;1.19931;3.58008;0
12; 3; 8; dataset\t0.png;1.22063;3.58421;0
12; 3; 9; dataset\t0.png;1.24017;3.58775;0
12; 3; 10; dataset\t0.png;1.25764;3.59095;0
12; 3; 11; dataset\t0.png;1.27535;3.59415;0
12; 3; 12; dataset\t0.png;1.28947;3.59595;0
12; 3; 13; dataset\t0.png;1.30828;3.59814;0
12; 3; 14; dataset\t0.png;1.3264;3.6002;0
12; 3; 15; dataset\t0.png;1.33864;3.60199;0
12; 4; 2; dataset\t0.png;1.16006;3.57819;0
12; 4; 3; dataset\t0.png;1.15081;3.57625;0
12; 4; 4; dataset\t0.png;1.14941;3.57498;0
12; 4; 5; dataset\t0.png;1.15787;3.57534;0
12; 4; 6; dataset\t0.png;1.17621;3.57738;0
12; 4; 7; dataset\t0.png;1.20047;3.58078;0
12; 4; 8; dataset\t0.png;1.22427;3.58501;0
12; 4; 9; dataset\t0.png;1.24397;3.58871;0
12; 4; 10; dataset\t0.png;1.26152;3.59209;0
12; 4; 11; dataset\t0.png;1.2781;3.59449;0
12; 4; 12; dataset\t0.png;1.29704;3.59742;0
12; 4; 13; dataset\t0.png;1.32005;3.60043;0
12; 4; 14; dataset\t0.png;1.33924;3.60253;0
12; 4; 15; dataset\t0.png;1.35205;3.60374;0
12; 5; 2; dataset\t0.png;1.18931;3.58533;0
12; 5; 3; dataset\t0.png;1.16713;3.58043;0
12; 5; 4; dataset\t0.png;1.16185;3.57815;0
12; 5; 5; dataset\t0.png;1.16757;3.57761;0
12; 5; 6; dataset\t0.png;1.18446;3.57944;0
12; 5; 7; dataset\t0.png;1.20655;3.58239;0
12; 5; 8; dataset\t0.png;1.22972;3.58588;0
12; 5; 9; dataset\t0.png;1.25376;3.59052;0
12; 5; 10; dataset\t0.png;1.27256;3.59368;0
12; 5; 11; dataset\t0.png;1.28976;3.59655;0
12; 5; 12; dataset\t0.png;1.31052;3.59979;0
12; 5; 13; dataset\t0.png;1.33424;3.60285;0
12; 5; 14; dataset\t0.png;1.35462;3.60522;0
12; 5; 15; dataset\t0.png;1.37143;3.60693;0
12; 6; 2; dataset\t0.png;1.18794;3.58591;0
12; 6; 3; dataset\t0.png;1.17979;3.58333;0
12; 6; 4; dataset\t0.png;1.17792;3.58182;0
12; 6; 5; dataset\t0.png;1.18312;3.5814;0
12; 6; 6; dataset\t0.png;1.19618;3.58266;0
12; 6; 7; dataset\t0.png;1.21335;3.58471;0
12; 6; 8; dataset\t0.png;1.23497;3.58792;0
12; 6; 9; dataset\t0.png;1.26112;3.59232;0
12; 6; 10; dataset\t0.png;1.28493;3.59658;0
12; 6; 11; dataset\t0.png;1.30465;3.59957;0
12; 6; 12; dataset\t0.png;1.32708;3.60295;0
12; 6; 13; dataset\t0.png;1.34878;3.60569;0
12; 6; 14; dataset\t0.png;1.36997;3.60838;0
12; 6; 15; dataset\t0.png;1.38754;3.61013;0
12; 7; 2; dataset\t0.png;1.20097;3.58904;0
12; 7; 3; dataset\t0.png;1.19848;3.58752;0
12; 7; 4; dataset\t0.png;1.19862;3.58617;0
12; 7; 5; dataset\t0.png;1.20142;3.58581;0
12; 7; 6; dataset\t0.png;1.20796;3.58582;0
12; 7; 7; dataset\t0.png;1.22307;3.5877;0
12; 7; 8; dataset\t0.png;1.24616;3.59146;0
12; 7; 9; dataset\t0.png;1.26905;3.59468;0
12; 7; 10; dataset\t0.png;1.29016;3.59819;0
12; 7; 11; dataset\t0.png;1.30743;3.60079;0
12; 7; 12; dataset\t0.png;1.33185;3.60491;0
12; 7; 13; dataset\t0.png;1.35224;3.60778;0
12; 7; 14; dataset\t0.png;1.37547;3.61075;0
12; 7; 15; dataset\t0.png;1.40113;3.61286;0
12; 8; 2; dataset\t0.png;1.22706;3.59397;0
12; 8; 3; dataset\t0.png;1.2227;3.59259;0
12; 8; 4; dataset\t0.png;1.21988;3.59084;0
12; 8; 5; dataset\t0.png;1.21893;3.58936;0
12; 8; 6; dataset\t0.png;1.22427;3.589;0
12; 8; 7; dataset\t0.png;1.23701;3.59045;0
12; 8; 8; dataset\t0.png;1.25518;3.59318;0
12; 8; 9; dataset\t0.png;1.27448;3.59576;0
12; 8; 10; dataset\t0.png;1.29138;3.59822;0
12; 8; 11; dataset\t0.png;1.30477;3.60054;0
12; 8; 12; dataset\t0.png;1.32245;3.60387;0
12; 8; 13; dataset\t0.png;1.34531;3.6074;0
12; 8; 14; dataset\t0.png;1.37465;3.61105;0
12; 8; 15; dataset\t0.png;1.40212;3.61316;0
12; 9; 2; dataset\t0.png;1.25717;3.59992;0
12; 9; 3; dataset\t0.png;1.24553;3.59746;0
12; 9; 4; dataset\t0.png;1.23797;3.59535;0
12; 9; 5; dataset\t0.png;1.23595;3.59366;0
12; 9; 6; dataset\t0.png;1.23994;3.59258;0
12; 9; 7; dataset\t0.png;1.25282;3.59355;0
12; 9; 8; dataset\t0.png;1.26896;3.59509;0
12; 9; 9; dataset\t0.png;1.28234;3.59725;0
12; 9; 10; dataset\t0.png;1.29184;3.59876;0
12; 9; 11; dataset\t0.png;1.30011;3.60028;0
12; 9; 12; dataset\t0.png;1.31403;3.60373;0
12; 9; 13; dataset\t0.png;1.33821;3.60766;0
12; 9; 14; dataset\t0.png;1.36874;3.6114;0
12; 9; 15; dataset\t0.png;1.39875;3.61407;0
12; 10; 2; dataset\t0.png;1.27623;3.60327;0
12; 10; 3; dataset\t0.png;1.2635;3.60081;0
12; 10; 4; dataset\t0.png;1.25435;3.59853;0
12; 10; 5; dataset\t0.png;1.25347;3.59729;0
12; 10; 6; dataset\t0.png;1.25873;3.5968;0
12; 10; 7; dataset\t0.png;1.27034;3.59711;0
12; 10; 8; dataset\t0.png;1.28385;3.59828;0
12; 10; 9; dataset\t0.png;1.29238;3.59966;0
12; 10; 10; dataset\t0.png;1.2973;3.60089;0
12; 10; 11; dataset\t0.png;1.30161;3.60175;0
12; 10; 12; dataset\t0.png;1.3114;3.60391;0
12; 10; 13; dataset\t0.png;1.33574;3.60757;0
12; 10; 14; dataset\t0.png;1.36543;3.61187;0
12; 10; 15; dataset\t0.png;1.39289;3.61457;0
12; 11; 2; dataset\t0.png;1.28564;3.60553;0
12; 11; 3; dataset\t0.png;1.27459;3.60336;0
12; 11; 4; dataset\t0.png;1.26583;3.60057;0
12; 11; 5; dataset\t0.png;1.26857;3.59994;0
12; 11; 6; dataset\t0.png;1.27405;3.59966;0
12; 11; 7; dataset\t0.png;1.28269;3.59913;0
12; 11; 8; dataset\t0.png;1.29633;3.60018;0
12; 11; 9; dataset\t0.png;1.30817;3.60237;0
12; 11; 10; dataset\t0.png;1.31361;3.60386;0
12; 11; 11; dataset\t0.png;1.31429;3.60427;0
12; 11; 12; dataset\t0.png;1.32268;3.60579;0
12; 11; 13; dataset\t0.png;1.34173;3.60898;0
12; 11; 14; dataset\t0.png;1.36424;3.61289;0
12; 11; 15; dataset\t0.png;1.3873;3.61509;0
12; 12; 2; dataset\t0.png;1.29037;3.60636;0
12; 12; 3; dataset\t0.png;1.28059;3.60415;0
12; 12; 4; dataset\t0.png;1.27911;3.60251;0
12; 12; 5; dataset\t0.png;1.28074;3.60161;0
12; 12; 6; dataset\t0.png;1.28623;3.60152;0
12; 12; 7; dataset\t0.png;1.29381;3.60075;0
12; 12; 8; dataset\t0.png;1.30608;3.60187;0
12; 12; 9; dataset\t0.png;1.32247;3.60482;0
12; 12; 10; dataset\t0.png;1.33387;3.60685;0
12; 12; 11; dataset\t0.png;1.33777;3.60769;0
12; 12; 12; dataset\t0.png;1.34512;3.60871;0
12; 12; 13; dataset\t0.png;1.35591;3.61079;0
12; 12; 14; dataset\t0.png;1.3717;3.61395;0
12; 12; 15; dataset\t0.png;1.38773;3.61494;0
12; 13; 2; dataset\t0.png;1.29478;3.60645;0
12; 13; 3; dataset\t0.png;1.28946;3.60511;0
12; 13; 4; dataset\t0.png;1.28737;3.60364;0
12; 13; 5; dataset\t0.png;1.29187;3.60294;0
12; 13; 6; dataset\t0.png;1.29503;3.60267;0
12; 13; 7; dataset\t0.png;1.29791;3.60201;0
12; 13; 8; dataset\t0.png;1.31178;3.60371;0
12; 13; 9; dataset\t0.png;1.32987;3.60625;0
12; 13; 10; dataset\t0.png;1.34758;3.6088;0
12; 13; 11; dataset\t0.png;1.35911;3.60993;0
12; 13; 12; dataset\t0.png;1.36698;3.61103;0
12; 13; 13; dataset\t0.png;1.37358;3.6129;0
12; 13; 14; dataset\t0.png;1.38274;3.61455;0
12; 13; 15; dataset\t0.png;1.39264;3.61478;0
12; 14; 2; dataset\t0.png;1.3013;3.60696;0
12; 14; 3; dataset\t0.png;1.30175;3.60628;0
12; 14; 4; dataset\t0.png;1.30486;3.60596;0
12; 14; 5; dataset\t0.png;1.30713;3.60532;0
12; 14; 6; dataset\t0.png;1.30581;3.60438;0
12; 14; 7; dataset\t0.png;1.30573;3.60363;0
12; 14; 8; dataset\t0.png;1.3138;3.60467;0
12; 14; 9; dataset\t0.png;1.33472;3.60725;0
12; 14; 10; dataset\t0.png;1.3538;3.60952;0
12; 14; 11; dataset\t0.png;1.37051;3.61107;0
12; 14; 12; dataset\t0.png;1.38174;3.61274;0
12; 14; 13; dataset\t0.png;1.38725;3.61413;0
12; 14; 14; dataset\t0.png;1.39349;3.61531;0
12; 14; 15; dataset\t0.png;1.40241;3.61559;0
12; 15; 2; dataset\t0.png;1.31514;3.60926;0
12; 15; 3; dataset\t0.png;1.31683;3.60834;0
12; 15; 4; dataset\t0.png;1.32045;3.60812;0
12; 15; 5; dataset\t0.png;1.32466;3.60772;0
12; 15; 6; dataset\t0.png;1.31987;3.60613;0
12; 15; 7; dataset\t0.png;1.31205;3.60422;0
12; 15; 8; dataset\t0.png;1.31921;3.60482;0
12; 15; 9; dataset\t0.png;1.3355;3.60677;0
12; 15; 10; dataset\t0.png;1.35539;3.60931;0
12; 15; 11; dataset\t0.png;1.37295;3.61151;0
12; 15; 12; dataset\t0.png;1.38634;3.61361;0
12; 15; 13; dataset\t0.png;1.39409;3.61479;0
12; 15; 14; dataset\t0.png;1.39892;3.61572;0
12; 15; 15; dataset\t0.png;1.40498;3.61572;0
13; 2; 2; dataset\t0.png;1.03557;3.67016;0
13; 2; 3; dataset\t0.png;1.21689;3.71965;0
13; 2; 4; dataset\t0.png;1.33314;3.74373;0
13; 2; 5; dataset\t0.png;1.38708;3.75224;0
13; 2; 6; dataset\t0.png;1.40859;3.75344;0
13; 2; 7; dataset\t0.png;1.42151;3.75414;0
13; 2; 8; dataset\t0.png;1.44184;3.75734;0
13; 2; 9; dataset\t0.png;1.46751;3.76117;0
13; 2; 10; dataset\t0.png;1.49077;3.76472;0
13; 2; 11; dataset\t0.png;1.50955;3.76726;0
13; 2; 12; dataset\t0.png;1.52749;3.76923;0
13; 2; 13; dataset\t0.png;1.53888;3.77069;0
13; 2; 14; dataset\t0.png;1.55685;3.77285;0
13; 2; 15; dataset\t0.png;1.57473;3.77436;0
13; 3; 2; dataset\t0.png;1.23957;3.72592;0
13; 3; 3; dataset\t0.png;1.29546;3.73788;0
13; 3; 4; dataset\t0.png;1.33598;3.74541;0
13; 3; 5; dataset\t0.png;1.37106;3.75047;0
13; 3; 6; dataset\t0.png;1.39879;3.75291;0
13; 3; 7; dataset\t0.png;1.42259;3.75534;0
13; 3; 8; dataset\t0.png;1.44529;3.75864;0
13; 3; 9; dataset\t0.png;1.46685;3.7617;0
13; 3; 10; dataset\t0.png;1.48825;3.76476;0
13; 3; 11; dataset\t0.png;1.51055;3.76785;0
13; 3; 12; dataset\t0.png;1.53256;3.77056;0
13; 3; 13; dataset\t0.png;1.55203;3.77237;0
13; 3; 14; dataset\t0.png;1.57286;3.77458;0
13; 3; 15; dataset\t0.png;1.59183;3.77635;0
13; 4; 2; dataset\t0.png;1.3592;3.75142;0
13; 4; 3; dataset\t0.png;1.34553;3.74837;0
13; 4; 4; dataset\t0.png;1.34605;3.74792;0
13; 4; 5; dataset\t0.png;1.36475;3.74995;0
13; 4; 6; dataset\t0.png;1.39565;3.75307;0
13; 4; 7; dataset\t0.png;1.42391;3.75606;0
13; 4; 8; dataset\t0.png;1.45164;3.7599;0
13; 4; 9; dataset\t0.png;1.47283;3.76316;0
13; 4; 10; dataset\t0.png;1.4918;3.76571;0
13; 4; 11; dataset\t0.png;1.51479;3.76826;0
13; 4; 12; dataset\t0.png;1.54199;3.77199;0
13; 4; 13; dataset\t0.png;1.56803;3.77501;0
13; 4; 14; dataset\t0.png;1.59429;3.77755;0
13; 4; 15; dataset\t0.png;1.60926;3.77827;0
13; 5; 2; dataset\t0.png;1.39329;3.75782;0
13; 5; 3; dataset\t0.png;1.36741;3.75297;0
13; 5; 4; dataset\t0.png;1.35802;3.75018;0
13; 5; 5; dataset\t0.png;1.37244;3.75105;0
13; 5; 6; dataset\t0.png;1.39927;3.75316;0
13; 5; 7; dataset\t0.png;1.42872;3.7565;0
13; 5; 8; dataset\t0.png;1.45668;3.76071;0
13; 5; 9; dataset\t0.png;1.48213;3.76509;0
13; 5; 10; dataset\t0.png;1.50227;3.76744;0
13; 5; 11; dataset\t0.png;1.52709;3.77034;0
13; 5; 12; dataset\t0.png;1.55489;3.77373;0
13; 5; 13; dataset\t0.png;1.58487;3.77719;0
13; 5; 14; dataset\t0.png;1.61383;3.78031;0
13; 5; 15; dataset\t0.png;1.62871;3.78086;0
13; 6; 2; dataset\t0.png;1.39334;3.759;0
13; 6; 3; dataset\t0.png;1.3822;3.75636;0
13; 6; 4; dataset\t0.png;1.3797;3.75426;0
13; 6; 5; dataset\t0.png;1.38973;3.75407;0
13; 6; 6; dataset\t0.png;1.40869;3.75541;0
13; 6; 7; dataset\t0.png;1.4326;3.75797;0
13; 6; 8; dataset\t0.png;1.46167;3.76229;0
13; 6; 9; dataset\t0.png;1.48927;3.76626;0
13; 6; 10; dataset\t0.png;1.51415;3.76948;0
13; 6; 11; dataset\t0.png;1.53877;3.77244;0
13; 6; 12; dataset\t0.png;1.56679;3.77622;0
13; 6; 13; dataset\t0.png;1.59826;3.77931;0
13; 6; 14; dataset\t0.png;1.62645;3.78243;0
13; 6; 15; dataset\t0.png;1.64711;3.78371;0
13; 7; 2; dataset\t0.png;1.4103;3.76174;0
13; 7; 3; dataset\t0.png;1.40597;3.76038;0
13; 7; 4; dataset\t0.png;1.4059;3.75855;0
13; 7; 5; dataset\t0.png;1.41209;3.75789;0
13; 7; 6; dataset\t0.png;1.41975;3.75773;0
13; 7; 7; dataset\t0.png;1.43713;3.75944;0
13; 7; 8; dataset\t0.png;1.46554;3.7635;0
13; 7; 9; dataset\t0.png;1.49487;3.76743;0
13; 7; 10; dataset\t0.png;1.52169;3.77102;0
13; 7; 11; dataset\t0.png;1.54553;3.77395;0
13; 7; 12; dataset\t0.png;1.56863;3.77698;0
13; 7; 13; dataset\t0.png;1.59732;3.7803;0
13; 7; 14; dataset\t0.png;1.62698;3.78305;0
13; 7; 15; dataset\t0.png;1.65252;3.78464;0
13; 8; 2; dataset\t0.png;1.44411;3.76741;0
13; 8; 3; dataset\t0.png;1.44035;3.76623;0
13; 8; 4; dataset\t0.png;1.43694;3.76386;0
13; 8; 5; dataset\t0.png;1.43396;3.76185;0
13; 8; 6; dataset\t0.png;1.4369;3.76036;0
13; 8; 7; dataset\t0.png;1.44731;3.76108;0
13; 8; 8; dataset\t0.png;1.47181;3.76431;0
13; 8; 9; dataset\t0.png;1.49943;3.76821;0
13; 8; 10; dataset\t0.png;1.52564;3.77105;0
13; 8; 11; dataset\t0.png;1.5462;3.77426;0
13; 8; 12; dataset\t0.png;1.5628;3.77629;0
13; 8; 13; dataset\t0.png;1.58916;3.77973;0
13; 8; 14; dataset\t0.png;1.62199;3.78303;0
13; 8; 15; dataset\t0.png;1.64955;3.78491;0
13; 9; 2; dataset\t0.png;1.48636;3.77419;0
13; 9; 3; dataset\t0.png;1.4706;3.77101;0
13; 9; 4; dataset\t0.png;1.46151;3.76827;0
13; 9; 5; dataset\t0.png;1.45619;3.76606;0
13; 9; 6; dataset\t0.png;1.4577;3.7644;0
13; 9; 7; dataset\t0.png;1.46393;3.76393;0
13; 9; 8; dataset\t0.png;1.48404;3.76567;0
13; 9; 9; dataset\t0.png;1.50765;3.76909;0
13; 9; 10; dataset\t0.png;1.52688;3.77168;0
13; 9; 11; dataset\t0.png;1.54065;3.77364;0
13; 9; 12; dataset\t0.png;1.55715;3.77575;0
13; 9; 13; dataset\t0.png;1.57942;3.77888;0
13; 9; 14; dataset\t0.png;1.61162;3.7822;0
13; 9; 15; dataset\t0.png;1.64601;3.78476;0
13; 10; 2; dataset\t0.png;1.51345;3.77727;0
13; 10; 3; dataset\t0.png;1.49362;3.77368;0
13; 10; 4; dataset\t0.png;1.47892;3.77091;0
13; 10; 5; dataset\t0.png;1.47606;3.76933;0
13; 10; 6; dataset\t0.png;1.47939;3.76795;0
13; 10; 7; dataset\t0.png;1.48536;3.76695;0
13; 10; 8; dataset\t0.png;1.50176;3.7683;0
13; 10; 9; dataset\t0.png;1.51703;3.77056;0
13; 10; 10; dataset\t0.png;1.5316;3.77264;0
13; 10; 11; dataset\t0.png;1.54268;3.77379;0
13; 10; 12; dataset\t0.png;1.55636;3.77572;0
13; 10; 13; dataset\t0.png;1.57793;3.77869;0
13; 10; 14; dataset\t0.png;1.60889;3.78232;0
13; 10; 15; dataset\t0.png;1.64302;3.78521;0
13; 11; 2; dataset\t0.png;1.52474;3.77858;0
13; 11; 3; dataset\t0.png;1.50334;3.77534;0
13; 11; 4; dataset\t0.png;1.4923;3.77271;0
13; 11; 5; dataset\t0.png;1.49409;3.77211;0
13; 11; 6; dataset\t0.png;1.49989;3.77151;0
13; 11; 7; dataset\t0.png;1.51108;3.77103;0
13; 11; 8; dataset\t0.png;1.52697;3.77265;0
13; 11; 9; dataset\t0.png;1.54153;3.77484;0
13; 11; 10; dataset\t0.png;1.55032;3.77549;0
13; 11; 11; dataset\t0.png;1.55956;3.77603;0
13; 11; 12; dataset\t0.png;1.57384;3.77769;0
13; 11; 13; dataset\t0.png;1.59154;3.77998;0
13; 11; 14; dataset\t0.png;1.6174;3.78341;0
13; 11; 15; dataset\t0.png;1.64666;3.78628;0
13; 12; 2; dataset\t0.png;1.52501;3.77862;0
13; 12; 3; dataset\t0.png;1.51093;3.77685;0
13; 12; 4; dataset\t0.png;1.5066;3.77528;0
13; 12; 5; dataset\t0.png;1.51028;3.77506;0
13; 12; 6; dataset\t0.png;1.51781;3.77459;0
13; 12; 7; dataset\t0.png;1.52751;3.77399;0
13; 12; 8; dataset\t0.png;1.54712;3.77597;0
13; 12; 9; dataset\t0.png;1.56805;3.77877;0
13; 12; 10; dataset\t0.png;1.57874;3.77952;0
13; 12; 11; dataset\t0.png;1.58524;3.78;0
13; 12; 12; dataset\t0.png;1.59588;3.78128;0
13; 12; 13; dataset\t0.png;1.61206;3.7836;0
13; 12; 14; dataset\t0.png;1.63261;3.78586;0
13; 12; 15; dataset\t0.png;1.64985;3.78692;0
13; 13; 2; dataset\t0.png;1.52605;3.77987;0
13; 13; 3; dataset\t0.png;1.52133;3.77915;0
13; 13; 4; dataset\t0.png;1.5237;3.77829;0
13; 13; 5; dataset\t0.png;1.52652;3.77735;0
13; 13; 6; dataset\t0.png;1.53124;3.77672;0
13; 13; 7; dataset\t0.png;1.53901;3.7764;0
13; 13; 8; dataset\t0.png;1.55974;3.77839;0
13; 13; 9; dataset\t0.png;1.58531;3.78133;0
13; 13; 10; dataset\t0.png;1.60334;3.78247;0
13; 13; 11; dataset\t0.png;1.61274;3.78376;0
13; 13; 12; dataset\t0.png;1.62124;3.78466;0
13; 13; 13; dataset\t0.png;1.6325;3.78648;0
13; 13; 14; dataset\t0.png;1.64541;3.78801;0
13; 13; 15; dataset\t0.png;1.65819;3.78819;0
13; 14; 2; dataset\t0.png;1.53011;3.77986;0
13; 14; 3; dataset\t0.png;1.53194;3.77957;0
13; 14; 4; dataset\t0.png;1.54021;3.78005;0
13; 14; 5; dataset\t0.png;1.54531;3.77928;0
13; 14; 6; dataset\t0.png;1.5435;3.77796;0
13; 14; 7; dataset\t0.png;1.54378;3.77679;0
13; 14; 8; dataset\t0.png;1.56176;3.77826;0
13; 14; 9; dataset\t0.png;1.58903;3.78136;0
13; 14; 10; dataset\t0.png;1.61095;3.78295;0
13; 14; 11; dataset\t0.png;1.62663;3.78468;0
13; 14; 12; dataset\t0.png;1.63708;3.78603;0
13; 14; 13; dataset\t0.png;1.64206;3.78718;0
13; 14; 14; dataset\t0.png;1.65078;3.78813;0
13; 14; 15; dataset\t0.png;1.65887;3.78805;0
13; 15; 2; dataset\t0.png;1.54034;3.78006;0
13; 15; 3; dataset\t0.png;1.5478;3.7805;0
13; 15; 4; dataset\t0.png;1.56157;3.78185;0
13; 15; 5; dataset\t0.png;1.56551;3.78121;0
13; 15; 6; dataset\t0.png;1.55919;3.77925;0
13; 15; 7; dataset\t0.png;1.55126;3.77743;0
13; 15; 8; dataset\t0.png;1.56144;3.77791;0
13; 15; 9; dataset\t0.png;1.58371;3.77999;0
13; 15; 10; dataset\t0.png;1.60576;3.78157;0
13; 15; 11; dataset\t0.png;1.62637;3.78355;0
13; 15; 12; dataset\t0.png;1.63932;3.78551;0
13; 15; 13; dataset\t0.png;1.6451;3.78724;0
13; 15; 14; dataset\t0.png;1.65178;3.78802;0
13; 15; 15; dataset\t0.png;1.65976;3.78746;0
