4; 2; 2; dataset\t1.png;0.074985;1.40422;0
4; 2; 3; dataset\t1.png;0.0845525;1.41228;0
4; 2; 4; dataset\t1.png;0.0911375;1.41381;0
4; 2; 5; dataset\t1.png;0.09414;1.4112;0
4; 2; 6; dataset\t1.png;0.095835;1.40805;0
4; 2; 7; dataset\t1.png;0.0958675;1.40639;0
4; 2; 8; dataset\t1.png;0.0957375;1.40637;0
4; 2; 9; dataset\t1.png;0.095475;1.40571;0
4; 2; 10; dataset\t1.png;0.0954875;1.4053;0
4; 2; 11; dataset\t1.png;0.0954175;1.40312;0
4; 2; 12; dataset\t1.png;0.0955425;1.40088;0
4; 2; 13; dataset\t1.png;0.0953825;1.39864;0
4; 2; 14; dataset\t1.png;0.0956925;1.39811;0
4; 2; 15; dataset\t1.png;0.09555;1.3968;0
4; 3; 2; dataset\t1.png;0.0843725;1.41292;0
4; 3; 3; dataset\t1.png;0.0895775;1.41515;0
4; 3; 4; dataset\t1.png;0.0928575;1.41379;0
4; 3; 5; dataset\t1.png;0.094275;1.41033;0
4; 3; 6; dataset\t1.png;0.0950375;1.40692;0
4; 3; 7; dataset\t1.png;0.094875;1.4053;0
4; 3; 8; dataset\t1.png;0.0945125;1.40527;0
4; 3; 9; dataset\t1.png;0.09446;1.40472;0
4; 3; 10; dataset\t1.png;0.0941875;1.40418;0
4; 3; 11; dataset\t1.png;0.0940475;1.40197;0
4; 3; 12; dataset\t1.png;0.0944575;1.39987;0
4; 3; 13; dataset\t1.png;0.0945725;1.39756;0
4; 3; 14; dataset\t1.png;0.09503;1.39701;0
4; 3; 15; dataset\t1.png;0.094535;1.39566;0
4; 4; 2; dataset\t1.png;0.091005;1.41725;0
4; 4; 3; dataset\t1.png;0.09322;1.41663;0
4; 4; 4; dataset\t1.png;0.0942175;1.41371;0
4; 4; 5; dataset\t1.png;0.0943925;1.40974;0
4; 4; 6; dataset\t1.png;0.0946575;1.40633;0
4; 4; 7; dataset\t1.png;0.094175;1.40473;0
4; 4; 8; dataset\t1.png;0.093725;1.40468;0
4; 4; 9; dataset\t1.png;0.093375;1.40391;0
4; 4; 10; dataset\t1.png;0.093325;1.40338;0
4; 4; 11; dataset\t1.png;0.0931575;1.40112;0
4; 4; 12; dataset\t1.png;0.0933875;1.39904;0
4; 4; 13; dataset\t1.png;0.093665;1.39676;0
4; 4; 14; dataset\t1.png;0.0942225;1.39625;0
4; 4; 15; dataset\t1.png;0.0938925;1.39488;0
4; 5; 2; dataset\t1.png;0.094935;1.41858;0
4; 5; 3; dataset\t1.png;0.09551;1.41703;0
4; 5; 4; dataset\t1.png;0.0952275;1.41347;0
4; 5; 5; dataset\t1.png;0.094525;1.40918;0
4; 5; 6; dataset\t1.png;0.09429;1.40567;0
4; 5; 7; dataset\t1.png;0.0937525;1.40412;0
4; 5; 8; dataset\t1.png;0.0931275;1.40393;0
4; 5; 9; dataset\t1.png;0.092755;1.4031;0
4; 5; 10; dataset\t1.png;0.0929275;1.40262;0
4; 5; 11; dataset\t1.png;0.0926225;1.40038;0
4; 5; 12; dataset\t1.png;0.092305;1.39815;0
4; 5; 13; dataset\t1.png;0.09266;1.39601;0
4; 5; 14; dataset\t1.png;0.093455;1.39558;0
4; 5; 15; dataset\t1.png;0.09348;1.39423;0
4; 6; 2; dataset\t1.png;0.0968725;1.41846;0
4; 6; 3; dataset\t1.png;0.09666;1.41671;0
4; 6; 4; dataset\t1.png;0.0956125;1.41297;0
4; 6; 5; dataset\t1.png;0.094855;1.40873;0
4; 6; 6; dataset\t1.png;0.0940425;1.40504;0
4; 6; 7; dataset\t1.png;0.093515;1.40351;0
4; 6; 8; dataset\t1.png;0.0929775;1.40334;0
4; 6; 9; dataset\t1.png;0.09231;1.40235;0
4; 6; 10; dataset\t1.png;0.0922575;1.40184;0
4; 6; 11; dataset\t1.png;0.0919125;1.39965;0
4; 6; 12; dataset\t1.png;0.091675;1.39747;0
4; 6; 13; dataset\t1.png;0.09223;1.39546;0
4; 6; 14; dataset\t1.png;0.0931375;1.39505;0
4; 6; 15; dataset\t1.png;0.0936625;1.39376;0
4; 7; 2; dataset\t1.png;0.0982375;1.41794;0
4; 7; 3; dataset\t1.png;0.097305;1.41594;0
4; 7; 4; dataset\t1.png;0.0957825;1.41223;0
4; 7; 5; dataset\t1.png;0.09478;1.40808;0
4; 7; 6; dataset\t1.png;0.0937525;1.40438;0
4; 7; 7; dataset\t1.png;0.093775;1.40302;0
4; 7; 8; dataset\t1.png;0.0932925;1.40287;0
4; 7; 9; dataset\t1.png;0.092325;1.40174;0
4; 7; 10; dataset\t1.png;0.0923175;1.40134;0
4; 7; 11; dataset\t1.png;0.091845;1.3991;0
4; 7; 12; dataset\t1.png;0.0915825;1.39697;0
4; 7; 13; dataset\t1.png;0.0919525;1.39495;0
4; 7; 14; dataset\t1.png;0.0931625;1.39457;0
4; 7; 15; dataset\t1.png;0.0939325;1.39336;0
4; 8; 2; dataset\t1.png;0.09928;1.41817;0
4; 8; 3; dataset\t1.png;0.0977325;1.41594;0
4; 8; 4; dataset\t1.png;0.09602;1.41228;0
4; 8; 5; dataset\t1.png;0.09443;1.40798;0
4; 8; 6; dataset\t1.png;0.093645;1.40448;0
4; 8; 7; dataset\t1.png;0.09365;1.40313;0
4; 8; 8; dataset\t1.png;0.0935775;1.40311;0
4; 8; 9; dataset\t1.png;0.09298;1.40212;0
4; 8; 10; dataset\t1.png;0.0932375;1.40176;0
4; 8; 11; dataset\t1.png;0.0926025;1.39944;0
4; 8; 12; dataset\t1.png;0.092385;1.39727;0
4; 8; 13; dataset\t1.png;0.0923575;1.39503;0
4; 8; 14; dataset\t1.png;0.0929;1.3945;0
4; 8; 15; dataset\t1.png;0.09397;1.39339;0
4; 9; 2; dataset\t1.png;0.09953;1.419;0
4; 9; 3; dataset\t1.png;0.09812;1.41671;0
4; 9; 4; dataset\t1.png;0.095815;1.4128;0
4; 9; 5; dataset\t1.png;0.0939;1.40832;0
4; 9; 6; dataset\t1.png;0.09312;1.40481;0
4; 9; 7; dataset\t1.png;0.09342;1.40362;0
4; 9; 8; dataset\t1.png;0.094405;1.40392;0
4; 9; 9; dataset\t1.png;0.0942375;1.40311;0
4; 9; 10; dataset\t1.png;0.094465;1.40267;0
4; 9; 11; dataset\t1.png;0.09395;1.40035;0
4; 9; 12; dataset\t1.png;0.0934675;1.39808;0
4; 9; 13; dataset\t1.png;0.092795;1.39565;0
4; 9; 14; dataset\t1.png;0.0931175;1.39499;0
4; 9; 15; dataset\t1.png;0.093745;1.39397;0
4; 10; 2; dataset\t1.png;0.09857;1.41985;0
4; 10; 3; dataset\t1.png;0.0977225;1.41776;0
4; 10; 4; dataset\t1.png;0.0962375;1.4139;0
4; 10; 5; dataset\t1.png;0.09436;1.40929;0
4; 10; 6; dataset\t1.png;0.0931925;1.40565;0
4; 10; 7; dataset\t1.png;0.09397;1.40465;0
4; 10; 8; dataset\t1.png;0.0951875;1.40497;0
4; 10; 9; dataset\t1.png;0.0954525;1.40426;0
4; 10; 10; dataset\t1.png;0.0961425;1.40384;0
4; 10; 11; dataset\t1.png;0.0952975;1.40147;0
4; 10; 12; dataset\t1.png;0.0948575;1.39915;0
4; 10; 13; dataset\t1.png;0.0934325;1.39656;0
4; 10; 14; dataset\t1.png;0.09344;1.39582;0
4; 10; 15; dataset\t1.png;0.0943575;1.39495;0
4; 11; 2; dataset\t1.png;0.0977625;1.42089;0
4; 11; 3; dataset\t1.png;0.0974025;1.41897;0
4; 11; 4; dataset\t1.png;0.0957275;1.41503;0
4; 11; 5; dataset\t1.png;0.09424;1.41049;0
4; 11; 6; dataset\t1.png;0.093355;1.40687;0
4; 11; 7; dataset\t1.png;0.0943025;1.40594;0
4; 11; 8; dataset\t1.png;0.09549;1.40629;0
4; 11; 9; dataset\t1.png;0.09657;1.40568;0
4; 11; 10; dataset\t1.png;0.097395;1.40523;0
4; 11; 11; dataset\t1.png;0.0965275;1.40284;0
4; 11; 12; dataset\t1.png;0.09575;1.40045;0
4; 11; 13; dataset\t1.png;0.09432;1.39779;0
4; 11; 14; dataset\t1.png;0.0944625;1.39718;0
4; 11; 15; dataset\t1.png;0.09482;1.39625;0
4; 12; 2; dataset\t1.png;0.0971825;1.42173;0
4; 12; 3; dataset\t1.png;0.096735;1.41977;0
4; 12; 4; dataset\t1.png;0.095275;1.41591;0
4; 12; 5; dataset\t1.png;0.094225;1.41155;0
4; 12; 6; dataset\t1.png;0.093565;1.40799;0
4; 12; 7; dataset\t1.png;0.095055;1.40723;0
4; 12; 8; dataset\t1.png;0.096665;1.40763;0
4; 12; 9; dataset\t1.png;0.0977775;1.40691;0
4; 12; 10; dataset\t1.png;0.0985425;1.40636;0
4; 12; 11; dataset\t1.png;0.097645;1.40398;0
4; 12; 12; dataset\t1.png;0.09611;1.40151;0
4; 12; 13; dataset\t1.png;0.0948975;1.39891;0
4; 12; 14; dataset\t1.png;0.0953175;1.39825;0
4; 12; 15; dataset\t1.png;0.095205;1.39723;0
4; 13; 2; dataset\t1.png;0.097525;1.42284;0
4; 13; 3; dataset\t1.png;0.096775;1.42071;0
4; 13; 4; dataset\t1.png;0.095705;1.41706;0
4; 13; 5; dataset\t1.png;0.0944875;1.41263;0
4; 13; 6; dataset\t1.png;0.0949375;1.40949;0
4; 13; 7; dataset\t1.png;0.09604;1.4085;0
4; 13; 8; dataset\t1.png;0.09741;1.40872;0
4; 13; 9; dataset\t1.png;0.098035;1.40788;0
4; 13; 10; dataset\t1.png;0.0989925;1.40737;0
4; 13; 11; dataset\t1.png;0.0977075;1.40495;0
4; 13; 12; dataset\t1.png;0.09612;1.40251;0
4; 13; 13; dataset\t1.png;0.095575;1.39994;0
4; 13; 14; dataset\t1.png;0.096205;1.39919;0
4; 13; 15; dataset\t1.png;0.0960175;1.39816;0
4; 14; 2; dataset\t1.png;0.098405;1.42452;0
4; 14; 3; dataset\t1.png;0.09784;1.42245;0
4; 14; 4; dataset\t1.png;0.096995;1.41886;0
4; 14; 5; dataset\t1.png;0.09648;1.41469;0
4; 14; 6; dataset\t1.png;0.0968525;1.4114;0
4; 14; 7; dataset\t1.png;0.0973575;1.41009;0
4; 14; 8; dataset\t1.png;0.09771;1.41005;0
4; 14; 9; dataset\t1.png;0.0978375;1.40907;0
4; 14; 10; dataset\t1.png;0.0985475;1.40856;0
4; 14; 11; dataset\t1.png;0.097345;1.40613;0
4; 14; 12; dataset\t1.png;0.0962325;1.40379;0
4; 14; 13; dataset\t1.png;0.0965025;1.40141;0
4; 14; 14; dataset\t1.png;0.09699;1.40056;0
4; 14; 15; dataset\t1.png;0.096715;1.39951;0
4; 15; 2; dataset\t1.png;0.09953;1.42626;0
4; 15; 3; dataset\t1.png;0.099145;1.42425;0
4; 15; 4; dataset\t1.png;0.098305;1.4206;0
4; 15; 5; dataset\t1.png;0.098145;1.41648;0
4; 15; 6; dataset\t1.png;0.0981675;1.41293;0
4; 15; 7; dataset\t1.png;0.0984475;1.41156;0
4; 15; 8; dataset\t1.png;0.0981325;1.41143;0
4; 15; 9; dataset\t1.png;0.097465;1.41029;0
4; 15; 10; dataset\t1.png;0.097785;1.40976;0
4; 15; 11; dataset\t1.png;0.0972025;1.40743;0
4; 15; 12; dataset\t1.png;0.0968325;1.40514;0
4; 15; 13; dataset\t1.png;0.09709;1.4027;0
4; 15; 14; dataset\t1.png;0.097365;1.40194;0
4; 15; 15; dataset\t1.png;0.09722;1.40089;0
5; 2; 2; dataset\t1.png;0.16997;1.86659;0
5; 2; 3; dataset\t1.png;0.20249;1.89578;0
5; 2; 4; dataset\t1.png;0.228375;1.91123;0
5; 2; 5; dataset\t1.png;0.244835;1.91718;0
5; 2; 6; dataset\t1.png;0.254835;1.91846;0
5; 2; 7; dataset\t1.png;0.258478;1.91708;0
5; 2; 8; dataset\t1.png;0.2607;1.91625;0
5; 2; 9; dataset\t1.png;0.261653;1.91515;0
5; 2; 10; dataset\t1.png;0.26365;1.91391;0
5; 2; 11; dataset\t1.png;0.26524;1.91272;0
5; 2; 12; dataset\t1.png;0.267103;1.91106;0
5; 2; 13; dataset\t1.png;0.269255;1.90877;0
5; 2; 14; dataset\t1.png;0.27073;1.90593;0
5; 2; 15; dataset\t1.png;0.27166;1.90186;0
5; 3; 2; dataset\t1.png;0.197055;1.89315;0
5; 3; 3; dataset\t1.png;0.21723;1.9067;0
5; 3; 4; dataset\t1.png;0.234445;1.91458;0
5; 3; 5; dataset\t1.png;0.246748;1.91814;0
5; 3; 6; dataset\t1.png;0.255458;1.91896;0
5; 3; 7; dataset\t1.png;0.259575;1.91779;0
5; 3; 8; dataset\t1.png;0.261585;1.9168;0
5; 3; 9; dataset\t1.png;0.262708;1.91566;0
5; 3; 10; dataset\t1.png;0.264703;1.91452;0
5; 3; 11; dataset\t1.png;0.266908;1.9133;0
5; 3; 12; dataset\t1.png;0.26823;1.91149;0
5; 3; 13; dataset\t1.png;0.26939;1.90898;0
5; 3; 14; dataset\t1.png;0.27008;1.90593;0
5; 3; 15; dataset\t1.png;0.270708;1.90189;0
5; 4; 2; dataset\t1.png;0.220358;1.91129;0
5; 4; 3; dataset\t1.png;0.23119;1.91583;0
5; 4; 4; dataset\t1.png;0.240978;1.91811;0
5; 4; 5; dataset\t1.png;0.24985;1.91951;0
5; 4; 6; dataset\t1.png;0.256588;1.91962;0
5; 4; 7; dataset\t1.png;0.259655;1.91816;0
5; 4; 8; dataset\t1.png;0.26169;1.91713;0
5; 4; 9; dataset\t1.png;0.262885;1.91586;0
5; 4; 10; dataset\t1.png;0.264925;1.91471;0
5; 4; 11; dataset\t1.png;0.266655;1.91346;0
5; 4; 12; dataset\t1.png;0.26751;1.91154;0
5; 4; 13; dataset\t1.png;0.268695;1.90913;0
5; 4; 14; dataset\t1.png;0.26978;1.90617;0
5; 4; 15; dataset\t1.png;0.270278;1.90217;0
5; 5; 2; dataset\t1.png;0.236538;1.92138;0
5; 5; 3; dataset\t1.png;0.241785;1.92189;0
5; 5; 4; dataset\t1.png;0.24663;1.92132;0
5; 5; 5; dataset\t1.png;0.252748;1.92109;0
5; 5; 6; dataset\t1.png;0.257103;1.92008;0
5; 5; 7; dataset\t1.png;0.25971;1.91851;0
5; 5; 8; dataset\t1.png;0.26154;1.91759;0
5; 5; 9; dataset\t1.png;0.26261;1.91631;0
5; 5; 10; dataset\t1.png;0.263883;1.91485;0
5; 5; 11; dataset\t1.png;0.264782;1.91352;0
5; 5; 12; dataset\t1.png;0.26615;1.91169;0
5; 5; 13; dataset\t1.png;0.26753;1.90921;0
5; 5; 14; dataset\t1.png;0.268695;1.90628;0
5; 5; 15; dataset\t1.png;0.269233;1.90246;0
5; 6; 2; dataset\t1.png;0.246173;1.92657;0
5; 6; 3; dataset\t1.png;0.24923;1.92577;0
5; 6; 4; dataset\t1.png;0.251448;1.92396;0
5; 6; 5; dataset\t1.png;0.254535;1.92247;0
5; 6; 6; dataset\t1.png;0.257055;1.92053;0
5; 6; 7; dataset\t1.png;0.258758;1.91862;0
5; 6; 8; dataset\t1.png;0.260348;1.91772;0
5; 6; 9; dataset\t1.png;0.261868;1.91675;0
5; 6; 10; dataset\t1.png;0.26227;1.9151;0
5; 6; 11; dataset\t1.png;0.263773;1.91395;0
5; 6; 12; dataset\t1.png;0.265383;1.91236;0
5; 6; 13; dataset\t1.png;0.265875;1.90966;0
5; 6; 14; dataset\t1.png;0.266928;1.90662;0
5; 6; 15; dataset\t1.png;0.268195;1.90294;0
5; 7; 2; dataset\t1.png;0.251905;1.92929;0
5; 7; 3; dataset\t1.png;0.252588;1.92739;0
5; 7; 4; dataset\t1.png;0.253563;1.92511;0
5; 7; 5; dataset\t1.png;0.25444;1.92286;0
5; 7; 6; dataset\t1.png;0.25543;1.92037;0
5; 7; 7; dataset\t1.png;0.257408;1.91854;0
5; 7; 8; dataset\t1.png;0.259955;1.91794;0
5; 7; 9; dataset\t1.png;0.261678;1.91714;0
5; 7; 10; dataset\t1.png;0.262065;1.9156;0
5; 7; 11; dataset\t1.png;0.262682;1.91422;0
5; 7; 12; dataset\t1.png;0.26375;1.91257;0
5; 7; 13; dataset\t1.png;0.263558;1.90978;0
5; 7; 14; dataset\t1.png;0.264458;1.90666;0
5; 7; 15; dataset\t1.png;0.26549;1.90285;0
5; 8; 2; dataset\t1.png;0.25343;1.93038;0
5; 8; 3; dataset\t1.png;0.252897;1.92809;0
5; 8; 4; dataset\t1.png;0.252828;1.92543;0
5; 8; 5; dataset\t1.png;0.252168;1.92275;0
5; 8; 6; dataset\t1.png;0.253515;1.92066;0
5; 8; 7; dataset\t1.png;0.256085;1.91904;0
5; 8; 8; dataset\t1.png;0.259323;1.91855;0
5; 8; 9; dataset\t1.png;0.2623;1.918;0
5; 8; 10; dataset\t1.png;0.26388;1.91681;0
5; 8; 11; dataset\t1.png;0.264268;1.91547;0
5; 8; 12; dataset\t1.png;0.26389;1.91337;0
5; 8; 13; dataset\t1.png;0.26329;1.91059;0
5; 8; 14; dataset\t1.png;0.263437;1.90728;0
5; 8; 15; dataset\t1.png;0.264808;1.90351;0
5; 9; 2; dataset\t1.png;0.253848;1.93141;0
5; 9; 3; dataset\t1.png;0.251865;1.9285;0
5; 9; 4; dataset\t1.png;0.250715;1.92541;0
5; 9; 5; dataset\t1.png;0.250248;1.92301;0
5; 9; 6; dataset\t1.png;0.25203;1.92122;0
5; 9; 7; dataset\t1.png;0.254873;1.9197;0
5; 9; 8; dataset\t1.png;0.25893;1.91948;0
5; 9; 9; dataset\t1.png;0.262523;1.91903;0
5; 9; 10; dataset\t1.png;0.265673;1.9181;0
5; 9; 11; dataset\t1.png;0.26653;1.91685;0
5; 9; 12; dataset\t1.png;0.265203;1.91462;0
5; 9; 13; dataset\t1.png;0.264163;1.91172;0
5; 9; 14; dataset\t1.png;0.264738;1.90858;0
5; 9; 15; dataset\t1.png;0.265875;1.90477;0
5; 10; 2; dataset\t1.png;0.25391;1.93233;0
5; 10; 3; dataset\t1.png;0.250628;1.92885;0
5; 10; 4; dataset\t1.png;0.24843;1.92532;0
5; 10; 5; dataset\t1.png;0.248845;1.9233;0
5; 10; 6; dataset\t1.png;0.250738;1.92172;0
5; 10; 7; dataset\t1.png;0.254883;1.92073;0
5; 10; 8; dataset\t1.png;0.259423;1.92065;0
5; 10; 9; dataset\t1.png;0.263068;1.92018;0
5; 10; 10; dataset\t1.png;0.265673;1.91908;0
5; 10; 11; dataset\t1.png;0.266645;1.91785;0
5; 10; 12; dataset\t1.png;0.266943;1.91598;0
5; 10; 13; dataset\t1.png;0.266848;1.91334;0
5; 10; 14; dataset\t1.png;0.266575;1.91005;0
5; 10; 15; dataset\t1.png;0.267648;1.90624;0
5; 11; 2; dataset\t1.png;0.253973;1.93285;0
5; 11; 3; dataset\t1.png;0.250838;1.92948;0
5; 11; 4; dataset\t1.png;0.248895;1.92611;0
5; 11; 5; dataset\t1.png;0.249438;1.92424;0
5; 11; 6; dataset\t1.png;0.252078;1.923;0
5; 11; 7; dataset\t1.png;0.25617;1.92218;0
5; 11; 8; dataset\t1.png;0.260755;1.92208;0
5; 11; 9; dataset\t1.png;0.263758;1.92146;0
5; 11; 10; dataset\t1.png;0.265378;1.92007;0
5; 11; 11; dataset\t1.png;0.266653;1.91872;0
5; 11; 12; dataset\t1.png;0.268193;1.91704;0
5; 11; 13; dataset\t1.png;0.268373;1.91442;0
5; 11; 14; dataset\t1.png;0.268317;1.91124;0
5; 11; 15; dataset\t1.png;0.269605;1.90761;0
5; 12; 2; dataset\t1.png;0.255568;1.93422;0
5; 12; 3; dataset\t1.png;0.251965;1.93094;0
5; 12; 4; dataset\t1.png;0.250978;1.92802;0
5; 12; 5; dataset\t1.png;0.25193;1.92637;0
5; 12; 6; dataset\t1.png;0.254582;1.92514;0
5; 12; 7; dataset\t1.png;0.2593;1.92452;0
5; 12; 8; dataset\t1.png;0.26294;1.92404;0
5; 12; 9; dataset\t1.png;0.266738;1.9235;0
5; 12; 10; dataset\t1.png;0.267363;1.92176;0
5; 12; 11; dataset\t1.png;0.269048;1.92057;0
5; 12; 12; dataset\t1.png;0.270145;1.91875;0
5; 12; 13; dataset\t1.png;0.270543;1.91609;0
5; 12; 14; dataset\t1.png;0.271343;1.91306;0
5; 12; 15; dataset\t1.png;0.271443;1.90923;0
5; 13; 2; dataset\t1.png;0.258765;1.93706;0
5; 13; 3; dataset\t1.png;0.255835;1.9339;0
5; 13; 4; dataset\t1.png;0.254188;1.93081;0
5; 13; 5; dataset\t1.png;0.256295;1.92957;0
5; 13; 6; dataset\t1.png;0.258415;1.9281;0
5; 13; 7; dataset\t1.png;0.261518;1.92671;0
5; 13; 8; dataset\t1.png;0.265523;1.92636;0
5; 13; 9; dataset\t1.png;0.26851;1.92545;0
5; 13; 10; dataset\t1.png;0.270625;1.9241;0
5; 13; 11; dataset\t1.png;0.271833;1.92277;0
5; 13; 12; dataset\t1.png;0.272773;1.92087;0
5; 13; 13; dataset\t1.png;0.273568;1.91828;0
5; 13; 14; dataset\t1.png;0.273962;1.91516;0
5; 13; 15; dataset\t1.png;0.274678;1.91139;0
5; 14; 2; dataset\t1.png;0.264195;1.94073;0
5; 14; 3; dataset\t1.png;0.261648;1.93784;0
5; 14; 4; dataset\t1.png;0.26061;1.9349;0
5; 14; 5; dataset\t1.png;0.261387;1.93312;0
5; 14; 6; dataset\t1.png;0.262988;1.93138;0
5; 14; 7; dataset\t1.png;0.265518;1.92973;0
5; 14; 8; dataset\t1.png;0.267923;1.92874;0
5; 14; 9; dataset\t1.png;0.271345;1.92798;0
5; 14; 10; dataset\t1.png;0.273478;1.92662;0
5; 14; 11; dataset\t1.png;0.274695;1.92521;0
5; 14; 12; dataset\t1.png;0.275278;1.92319;0
5; 14; 13; dataset\t1.png;0.275367;1.92043;0
5; 14; 14; dataset\t1.png;0.276073;1.91737;0
5; 14; 15; dataset\t1.png;0.27721;1.91358;0
5; 15; 2; dataset\t1.png;0.270005;1.94451;0
5; 15; 3; dataset\t1.png;0.268875;1.94207;0
5; 15; 4; dataset\t1.png;0.267783;1.93904;0
5; 15; 5; dataset\t1.png;0.267128;1.93669;0
5; 15; 6; dataset\t1.png;0.267782;1.93455;0
5; 15; 7; dataset\t1.png;0.269025;1.93258;0
5; 15; 8; dataset\t1.png;0.27061;1.93109;0
5; 15; 9; dataset\t1.png;0.272933;1.93017;0
5; 15; 10; dataset\t1.png;0.27442;1.92878;0
5; 15; 11; dataset\t1.png;0.275948;1.92738;0
5; 15; 12; dataset\t1.png;0.276205;1.92523;0
5; 15; 13; dataset\t1.png;0.276003;1.92239;0
5; 15; 14; dataset\t1.png;0.27676;1.91926;0
5; 15; 15; dataset\t1.png;0.277203;1.91517;0
6; 2; 2; dataset\t1.png;0.240058;2.29721;0
6; 2; 3; dataset\t1.png;0.29079;2.34853;0
6; 2; 4; dataset\t1.png;0.333597;2.38149;0
6; 2; 5; dataset\t1.png;0.365648;2.40017;0
6; 2; 6; dataset\t1.png;0.389145;2.4105;0
6; 2; 7; dataset\t1.png;0.403383;2.41633;0
6; 2; 8; dataset\t1.png;0.41371;2.4199;0
6; 2; 9; dataset\t1.png;0.42114;2.42221;0
6; 2; 10; dataset\t1.png;0.42975;2.42438;0
6; 2; 11; dataset\t1.png;0.437948;2.42561;0
6; 2; 12; dataset\t1.png;0.444633;2.4253;0
6; 2; 13; dataset\t1.png;0.45348;2.42531;0
6; 2; 14; dataset\t1.png;0.461635;2.4249;0
6; 2; 15; dataset\t1.png;0.468128;2.42349;0
6; 3; 2; dataset\t1.png;0.27967;2.33889;0
6; 3; 3; dataset\t1.png;0.314273;2.36788;0
6; 3; 4; dataset\t1.png;0.345918;2.38931;0
6; 3; 5; dataset\t1.png;0.369823;2.40159;0
6; 3; 6; dataset\t1.png;0.389635;2.4098;0
6; 3; 7; dataset\t1.png;0.401878;2.41494;0
6; 3; 8; dataset\t1.png;0.411885;2.41817;0
6; 3; 9; dataset\t1.png;0.420565;2.42099;0
6; 3; 10; dataset\t1.png;0.428673;2.42306;0
6; 3; 11; dataset\t1.png;0.437983;2.42468;0
6; 3; 12; dataset\t1.png;0.44553;2.42466;0
6; 3; 13; dataset\t1.png;0.453033;2.42411;0
6; 3; 14; dataset\t1.png;0.459065;2.42324;0
6; 3; 15; dataset\t1.png;0.46391;2.42145;0
6; 4; 2; dataset\t1.png;0.313333;2.36795;0
6; 4; 3; dataset\t1.png;0.334985;2.38309;0
6; 4; 4; dataset\t1.png;0.35671;2.39585;0
6; 4; 5; dataset\t1.png;0.375233;2.40412;0
6; 4; 6; dataset\t1.png;0.390333;2.40962;0
6; 4; 7; dataset\t1.png;0.40189;2.41423;0
6; 4; 8; dataset\t1.png;0.411243;2.41727;0
6; 4; 9; dataset\t1.png;0.419032;2.41964;0
6; 4; 10; dataset\t1.png;0.428148;2.42208;0
6; 4; 11; dataset\t1.png;0.43675;2.4236;0
6; 4; 12; dataset\t1.png;0.445173;2.42371;0
6; 4; 13; dataset\t1.png;0.45217;2.42304;0
6; 4; 14; dataset\t1.png;0.458058;2.42205;0
6; 4; 15; dataset\t1.png;0.461825;2.42009;0
6; 5; 2; dataset\t1.png;0.337885;2.38606;0
6; 5; 3; dataset\t1.png;0.3516;2.39385;0
6; 5; 4; dataset\t1.png;0.366048;2.40096;0
6; 5; 5; dataset\t1.png;0.379385;2.40573;0
6; 5; 6; dataset\t1.png;0.39311;2.41023;0
6; 5; 7; dataset\t1.png;0.402875;2.41393;0
6; 5; 8; dataset\t1.png;0.412013;2.41678;0
6; 5; 9; dataset\t1.png;0.418985;2.41875;0
6; 5; 10; dataset\t1.png;0.426797;2.42095;0
6; 5; 11; dataset\t1.png;0.435745;2.42248;0
6; 5; 12; dataset\t1.png;0.443945;2.42274;0
6; 5; 13; dataset\t1.png;0.451355;2.42203;0
6; 5; 14; dataset\t1.png;0.457793;2.42119;0
6; 5; 15; dataset\t1.png;0.462145;2.41945;0
6; 6; 2; dataset\t1.png;0.354035;2.39613;0
6; 6; 3; dataset\t1.png;0.364225;2.40086;0
6; 6; 4; dataset\t1.png;0.37583;2.40572;0
6; 6; 5; dataset\t1.png;0.38575;2.40818;0
6; 6; 6; dataset\t1.png;0.39572;2.41037;0
6; 6; 7; dataset\t1.png;0.405303;2.41379;0
6; 6; 8; dataset\t1.png;0.412495;2.41582;0
6; 6; 9; dataset\t1.png;0.418748;2.41771;0
6; 6; 10; dataset\t1.png;0.425623;2.41955;0
6; 6; 11; dataset\t1.png;0.433885;2.42113;0
6; 6; 12; dataset\t1.png;0.441785;2.42132;0
6; 6; 13; dataset\t1.png;0.451265;2.42127;0
6; 6; 14; dataset\t1.png;0.457988;2.42049;0
6; 6; 15; dataset\t1.png;0.462835;2.41886;0
6; 7; 2; dataset\t1.png;0.36758;2.40359;0
6; 7; 3; dataset\t1.png;0.375382;2.40663;0
6; 7; 4; dataset\t1.png;0.384837;2.40992;0
6; 7; 5; dataset\t1.png;0.391535;2.41045;0
6; 7; 6; dataset\t1.png;0.39935;2.41127;0
6; 7; 7; dataset\t1.png;0.40757;2.41377;0
6; 7; 8; dataset\t1.png;0.414848;2.416;0
6; 7; 9; dataset\t1.png;0.42081;2.41778;0
6; 7; 10; dataset\t1.png;0.427788;2.41965;0
6; 7; 11; dataset\t1.png;0.433818;2.42057;0
6; 7; 12; dataset\t1.png;0.441238;2.42076;0
6; 7; 13; dataset\t1.png;0.449438;2.42032;0
6; 7; 14; dataset\t1.png;0.456905;2.41973;0
6; 7; 15; dataset\t1.png;0.462433;2.41819;0
6; 8; 2; dataset\t1.png;0.377835;2.40986;0
6; 8; 3; dataset\t1.png;0.383433;2.41136;0
6; 8; 4; dataset\t1.png;0.390607;2.41301;0
6; 8; 5; dataset\t1.png;0.396663;2.4132;0
6; 8; 6; dataset\t1.png;0.403945;2.41361;0
6; 8; 7; dataset\t1.png;0.412188;2.41606;0
6; 8; 8; dataset\t1.png;0.418797;2.41774;0
6; 8; 9; dataset\t1.png;0.424898;2.41931;0
6; 8; 10; dataset\t1.png;0.428793;2.42003;0
6; 8; 11; dataset\t1.png;0.434348;2.4208;0
6; 8; 12; dataset\t1.png;0.440098;2.4205;0
6; 8; 13; dataset\t1.png;0.447015;2.4198;0
6; 8; 14; dataset\t1.png;0.4537;2.4192;0
6; 8; 15; dataset\t1.png;0.45806;2.41728;0
6; 9; 2; dataset\t1.png;0.38773;2.41546;0
6; 9; 3; dataset\t1.png;0.390475;2.4152;0
6; 9; 4; dataset\t1.png;0.39498;2.41571;0
6; 9; 5; dataset\t1.png;0.399168;2.41499;0
6; 9; 6; dataset\t1.png;0.406808;2.41554;0
6; 9; 7; dataset\t1.png;0.41522;2.41765;0
6; 9; 8; dataset\t1.png;0.421855;2.41915;0
6; 9; 9; dataset\t1.png;0.427085;2.42063;0
6; 9; 10; dataset\t1.png;0.429405;2.42077;0
6; 9; 11; dataset\t1.png;0.432473;2.42071;0
6; 9; 12; dataset\t1.png;0.436475;2.41968;0
6; 9; 13; dataset\t1.png;0.44197;2.41845;0
6; 9; 14; dataset\t1.png;0.44828;2.41757;0
6; 9; 15; dataset\t1.png;0.453763;2.41596;0
6; 10; 2; dataset\t1.png;0.395225;2.41982;0
6; 10; 3; dataset\t1.png;0.396505;2.41893;0
6; 10; 4; dataset\t1.png;0.399908;2.41889;0
6; 10; 5; dataset\t1.png;0.403715;2.41794;0
6; 10; 6; dataset\t1.png;0.41011;2.41786;0
6; 10; 7; dataset\t1.png;0.41865;2.41984;0
6; 10; 8; dataset\t1.png;0.423822;2.42044;0
6; 10; 9; dataset\t1.png;0.428143;2.4215;0
6; 10; 10; dataset\t1.png;0.429328;2.4213;0
6; 10; 11; dataset\t1.png;0.431372;2.42075;0
6; 10; 12; dataset\t1.png;0.433845;2.41894;0
6; 10; 13; dataset\t1.png;0.439678;2.41762;0
6; 10; 14; dataset\t1.png;0.445598;2.41641;0
6; 10; 15; dataset\t1.png;0.45005;2.41501;0
6; 11; 2; dataset\t1.png;0.40362;2.42452;0
6; 11; 3; dataset\t1.png;0.402698;2.42283;0
6; 11; 4; dataset\t1.png;0.404637;2.42202;0
6; 11; 5; dataset\t1.png;0.40806;2.42078;0
6; 11; 6; dataset\t1.png;0.414253;2.42025;0
6; 11; 7; dataset\t1.png;0.4208;2.42136;0
6; 11; 8; dataset\t1.png;0.42528;2.42183;0
6; 11; 9; dataset\t1.png;0.428762;2.4225;0
6; 11; 10; dataset\t1.png;0.430223;2.4223;0
6; 11; 11; dataset\t1.png;0.432378;2.42162;0
6; 11; 12; dataset\t1.png;0.434883;2.41968;0
6; 11; 13; dataset\t1.png;0.43895;2.41758;0
6; 11; 14; dataset\t1.png;0.444473;2.41649;0
6; 11; 15; dataset\t1.png;0.450675;2.41534;0
6; 12; 2; dataset\t1.png;0.40906;2.42799;0
6; 12; 3; dataset\t1.png;0.408585;2.42653;0
6; 12; 4; dataset\t1.png;0.409923;2.42503;0
6; 12; 5; dataset\t1.png;0.412815;2.42339;0
6; 12; 6; dataset\t1.png;0.418318;2.42268;0
6; 12; 7; dataset\t1.png;0.423403;2.42317;0
6; 12; 8; dataset\t1.png;0.426488;2.42301;0
6; 12; 9; dataset\t1.png;0.42998;2.4236;0
6; 12; 10; dataset\t1.png;0.43254;2.4237;0
6; 12; 11; dataset\t1.png;0.43559;2.42348;0
6; 12; 12; dataset\t1.png;0.438258;2.42145;0
6; 12; 13; dataset\t1.png;0.44237;2.41912;0
6; 12; 14; dataset\t1.png;0.447253;2.41782;0
6; 12; 15; dataset\t1.png;0.45247;2.41669;0
6; 13; 2; dataset\t1.png;0.41493;2.43132;0
6; 13; 3; dataset\t1.png;0.41407;2.42955;0
6; 13; 4; dataset\t1.png;0.41552;2.42815;0
6; 13; 5; dataset\t1.png;0.41833;2.42633;0
6; 13; 6; dataset\t1.png;0.422983;2.42519;0
6; 13; 7; dataset\t1.png;0.426623;2.42508;0
6; 13; 8; dataset\t1.png;0.428988;2.42465;0
6; 13; 9; dataset\t1.png;0.43291;2.42532;0
6; 13; 10; dataset\t1.png;0.436028;2.42562;0
6; 13; 11; dataset\t1.png;0.439665;2.42565;0
6; 13; 12; dataset\t1.png;0.442705;2.42386;0
6; 13; 13; dataset\t1.png;0.446608;2.42153;0
6; 13; 14; dataset\t1.png;0.45114;2.42007;0
6; 13; 15; dataset\t1.png;0.455603;2.41874;0
6; 14; 2; dataset\t1.png;0.422857;2.435;0
6; 14; 3; dataset\t1.png;0.41988;2.43247;0
6; 14; 4; dataset\t1.png;0.420788;2.43098;0
6; 14; 5; dataset\t1.png;0.423858;2.42927;0
6; 14; 6; dataset\t1.png;0.42733;2.42761;0
6; 14; 7; dataset\t1.png;0.430785;2.42743;0
6; 14; 8; dataset\t1.png;0.433392;2.42707;0
6; 14; 9; dataset\t1.png;0.4367;2.42766;0
6; 14; 10; dataset\t1.png;0.43981;2.42797;0
6; 14; 11; dataset\t1.png;0.442855;2.42758;0
6; 14; 12; dataset\t1.png;0.445653;2.42583;0
6; 14; 13; dataset\t1.png;0.450128;2.42392;0
6; 14; 14; dataset\t1.png;0.452313;2.42181;0
6; 14; 15; dataset\t1.png;0.45811;2.42097;0
6; 15; 2; dataset\t1.png;0.429968;2.43797;0
6; 15; 3; dataset\t1.png;0.426623;2.43536;0
6; 15; 4; dataset\t1.png;0.425833;2.43344;0
6; 15; 5; dataset\t1.png;0.426748;2.43108;0
6; 15; 6; dataset\t1.png;0.428978;2.42922;0
6; 15; 7; dataset\t1.png;0.432793;2.42923;0
6; 15; 8; dataset\t1.png;0.435635;2.42905;0
6; 15; 9; dataset\t1.png;0.43993;2.42984;0
6; 15; 10; dataset\t1.png;0.443218;2.4301;0
6; 15; 11; dataset\t1.png;0.446405;2.4297;0
6; 15; 12; dataset\t1.png;0.448502;2.42774;0
6; 15; 13; dataset\t1.png;0.451578;2.42545;0
6; 15; 14; dataset\t1.png;0.454523;2.4237;0
6; 15; 15; dataset\t1.png;0.458767;2.42236;0
7; 2; 2; dataset\t1.png;0.228825;2.36008;0
7; 2; 3; dataset\t1.png;0.27848;2.41746;0
7; 2; 4; dataset\t1.png;0.322935;2.45751;0
7; 2; 5; dataset\t1.png;0.358067;2.48231;0
7; 2; 6; dataset\t1.png;0.385642;2.49816;0
7; 2; 7; dataset\t1.png;0.407385;2.50938;0
7; 2; 8; dataset\t1.png;0.421033;2.51666;0
7; 2; 9; dataset\t1.png;0.431175;2.52213;0
7; 2; 10; dataset\t1.png;0.442605;2.52745;0
7; 2; 11; dataset\t1.png;0.452635;2.5296;0
7; 2; 12; dataset\t1.png;0.461995;2.53108;0
7; 2; 13; dataset\t1.png;0.470215;2.53231;0
7; 2; 14; dataset\t1.png;0.478053;2.53412;0
7; 2; 15; dataset\t1.png;0.48401;2.53586;0
7; 3; 2; dataset\t1.png;0.265427;2.40263;0
7; 3; 3; dataset\t1.png;0.300565;2.43783;0
7; 3; 4; dataset\t1.png;0.334728;2.46589;0
7; 3; 5; dataset\t1.png;0.363715;2.48533;0
7; 3; 6; dataset\t1.png;0.38727;2.49818;0
7; 3; 7; dataset\t1.png;0.406995;2.50806;0
7; 3; 8; dataset\t1.png;0.422438;2.51612;0
7; 3; 9; dataset\t1.png;0.433768;2.52183;0
7; 3; 10; dataset\t1.png;0.44462;2.52675;0
7; 3; 11; dataset\t1.png;0.453458;2.52835;0
7; 3; 12; dataset\t1.png;0.462535;2.52949;0
7; 3; 13; dataset\t1.png;0.470775;2.53058;0
7; 3; 14; dataset\t1.png;0.4794;2.53264;0
7; 3; 15; dataset\t1.png;0.4865;2.53461;0
7; 4; 2; dataset\t1.png;0.298222;2.43439;0
7; 4; 3; dataset\t1.png;0.32244;2.45579;0
7; 4; 4; dataset\t1.png;0.34795;2.47499;0
7; 4; 5; dataset\t1.png;0.371302;2.48917;0
7; 4; 6; dataset\t1.png;0.391455;2.49963;0
7; 4; 7; dataset\t1.png;0.409098;2.50807;0
7; 4; 8; dataset\t1.png;0.423682;2.51555;0
7; 4; 9; dataset\t1.png;0.436053;2.52154;0
7; 4; 10; dataset\t1.png;0.446308;2.52594;0
7; 4; 11; dataset\t1.png;0.454665;2.52722;0
7; 4; 12; dataset\t1.png;0.463843;2.52851;0
7; 4; 13; dataset\t1.png;0.472875;2.52964;0
7; 4; 14; dataset\t1.png;0.482118;2.53189;0
7; 4; 15; dataset\t1.png;0.488113;2.53334;0
7; 5; 2; dataset\t1.png;0.32529;2.45792;0
7; 5; 3; dataset\t1.png;0.34275;2.47156;0
7; 5; 4; dataset\t1.png;0.361518;2.48391;0
7; 5; 5; dataset\t1.png;0.38103;2.49416;0
7; 5; 6; dataset\t1.png;0.397498;2.50162;0
7; 5; 7; dataset\t1.png;0.412892;2.50844;0
7; 5; 8; dataset\t1.png;0.426445;2.51509;0
7; 5; 9; dataset\t1.png;0.437665;2.52058;0
7; 5; 10; dataset\t1.png;0.448048;2.52496;0
7; 5; 11; dataset\t1.png;0.456685;2.52629;0
7; 5; 12; dataset\t1.png;0.465618;2.52729;0
7; 5; 13; dataset\t1.png;0.47556;2.52868;0
7; 5; 14; dataset\t1.png;0.484513;2.53063;0
7; 5; 15; dataset\t1.png;0.490908;2.53184;0
7; 6; 2; dataset\t1.png;0.346548;2.47411;0
7; 6; 3; dataset\t1.png;0.359578;2.48321;0
7; 6; 4; dataset\t1.png;0.375225;2.49244;0
7; 6; 5; dataset\t1.png;0.391315;2.49932;0
7; 6; 6; dataset\t1.png;0.405342;2.50432;0
7; 6; 7; dataset\t1.png;0.418245;2.50943;0
7; 6; 8; dataset\t1.png;0.42933;2.51486;0
7; 6; 9; dataset\t1.png;0.439123;2.51962;0
7; 6; 10; dataset\t1.png;0.448685;2.52358;0
7; 6; 11; dataset\t1.png;0.457423;2.52476;0
7; 6; 12; dataset\t1.png;0.466268;2.52551;0
7; 6; 13; dataset\t1.png;0.476293;2.52708;0
7; 6; 14; dataset\t1.png;0.48457;2.52863;0
7; 6; 15; dataset\t1.png;0.490558;2.52935;0
7; 7; 2; dataset\t1.png;0.363413;2.48572;0
7; 7; 3; dataset\t1.png;0.374582;2.49283;0
7; 7; 4; dataset\t1.png;0.386805;2.49865;0
7; 7; 5; dataset\t1.png;0.400475;2.5032;0
7; 7; 6; dataset\t1.png;0.412613;2.50668;0
7; 7; 7; dataset\t1.png;0.422868;2.51039;0
7; 7; 8; dataset\t1.png;0.432607;2.51496;0
7; 7; 9; dataset\t1.png;0.441018;2.51887;0
7; 7; 10; dataset\t1.png;0.45047;2.52278;0
7; 7; 11; dataset\t1.png;0.458378;2.52344;0
7; 7; 12; dataset\t1.png;0.466643;2.52375;0
7; 7; 13; dataset\t1.png;0.475473;2.5247;0
7; 7; 14; dataset\t1.png;0.48379;2.52628;0
7; 7; 15; dataset\t1.png;0.489893;2.52709;0
7; 8; 2; dataset\t1.png;0.377495;2.49537;0
7; 8; 3; dataset\t1.png;0.386475;2.50052;0
7; 8; 4; dataset\t1.png;0.39658;2.50458;0
7; 8; 5; dataset\t1.png;0.40767;2.50701;0
7; 8; 6; dataset\t1.png;0.418295;2.50891;0
7; 8; 7; dataset\t1.png;0.427935;2.51224;0
7; 8; 8; dataset\t1.png;0.436895;2.51628;0
7; 8; 9; dataset\t1.png;0.44511;2.52012;0
7; 8; 10; dataset\t1.png;0.452708;2.52301;0
7; 8; 11; dataset\t1.png;0.459528;2.52308;0
7; 8; 12; dataset\t1.png;0.466315;2.52275;0
7; 8; 13; dataset\t1.png;0.474578;2.52337;0
7; 8; 14; dataset\t1.png;0.48263;2.52491;0
7; 8; 15; dataset\t1.png;0.488035;2.52572;0
7; 9; 2; dataset\t1.png;0.389988;2.50417;0
7; 9; 3; dataset\t1.png;0.39755;2.50762;0
7; 9; 4; dataset\t1.png;0.406088;2.51031;0
7; 9; 5; dataset\t1.png;0.415013;2.5114;0
7; 9; 6; dataset\t1.png;0.424283;2.51235;0
7; 9; 7; dataset\t1.png;0.432983;2.5147;0
7; 9; 8; dataset\t1.png;0.4416;2.51832;0
7; 9; 9; dataset\t1.png;0.4486;2.52125;0
7; 9; 10; dataset\t1.png;0.45524;2.52372;0
7; 9; 11; dataset\t1.png;0.459238;2.52274;0
7; 9; 12; dataset\t1.png;0.464553;2.5219;0
7; 9; 13; dataset\t1.png;0.471875;2.52254;0
7; 9; 14; dataset\t1.png;0.478543;2.52364;0
7; 9; 15; dataset\t1.png;0.48551;2.52477;0
7; 10; 2; dataset\t1.png;0.400275;2.51147;0
7; 10; 3; dataset\t1.png;0.40603;2.51335;0
7; 10; 4; dataset\t1.png;0.41364;2.51497;0
7; 10; 5; dataset\t1.png;0.421685;2.51545;0
7; 10; 6; dataset\t1.png;0.430403;2.51646;0
7; 10; 7; dataset\t1.png;0.438425;2.51794;0
7; 10; 8; dataset\t1.png;0.44684;2.52074;0
7; 10; 9; dataset\t1.png;0.452623;2.52292;0
7; 10; 10; dataset\t1.png;0.45864;2.52472;0
7; 10; 11; dataset\t1.png;0.462465;2.52371;0
7; 10; 12; dataset\t1.png;0.466987;2.52294;0
7; 10; 13; dataset\t1.png;0.472025;2.52273;0
7; 10; 14; dataset\t1.png;0.477483;2.52356;0
7; 10; 15; dataset\t1.png;0.483287;2.52426;0
7; 11; 2; dataset\t1.png;0.40897;2.51721;0
7; 11; 3; dataset\t1.png;0.41356;2.51842;0
7; 11; 4; dataset\t1.png;0.421323;2.51983;0
7; 11; 5; dataset\t1.png;0.428683;2.5199;0
7; 11; 6; dataset\t1.png;0.436022;2.51965;0
7; 11; 7; dataset\t1.png;0.444862;2.5211;0
7; 11; 8; dataset\t1.png;0.452412;2.5232;0
7; 11; 9; dataset\t1.png;0.457867;2.52489;0
7; 11; 10; dataset\t1.png;0.464853;2.52694;0
7; 11; 11; dataset\t1.png;0.46943;2.52623;0
7; 11; 12; dataset\t1.png;0.472935;2.5251;0
7; 11; 13; dataset\t1.png;0.47591;2.52398;0
7; 11; 14; dataset\t1.png;0.47941;2.524;0
7; 11; 15; dataset\t1.png;0.483885;2.52439;0
7; 12; 2; dataset\t1.png;0.418063;2.52238;0
7; 12; 3; dataset\t1.png;0.42205;2.52318;0
7; 12; 4; dataset\t1.png;0.42833;2.52386;0
7; 12; 5; dataset\t1.png;0.434663;2.52299;0
7; 12; 6; dataset\t1.png;0.44194;2.52254;0
7; 12; 7; dataset\t1.png;0.450385;2.52335;0
7; 12; 8; dataset\t1.png;0.45899;2.52542;0
7; 12; 9; dataset\t1.png;0.466257;2.52763;0
7; 12; 10; dataset\t1.png;0.473252;2.52955;0
7; 12; 11; dataset\t1.png;0.478135;2.52881;0
7; 12; 12; dataset\t1.png;0.480468;2.52691;0
7; 12; 13; dataset\t1.png;0.481265;2.52517;0
7; 12; 14; dataset\t1.png;0.482688;2.52473;0
7; 12; 15; dataset\t1.png;0.485178;2.52451;0
7; 13; 2; dataset\t1.png;0.428415;2.52741;0
7; 13; 3; dataset\t1.png;0.43153;2.52778;0
7; 13; 4; dataset\t1.png;0.435758;2.52715;0
7; 13; 5; dataset\t1.png;0.440495;2.52571;0
7; 13; 6; dataset\t1.png;0.44708;2.52473;0
7; 13; 7; dataset\t1.png;0.455658;2.52525;0
7; 13; 8; dataset\t1.png;0.46463;2.52703;0
7; 13; 9; dataset\t1.png;0.47339;2.52942;0
7; 13; 10; dataset\t1.png;0.481833;2.5319;0
7; 13; 11; dataset\t1.png;0.486183;2.53084;0
7; 13; 12; dataset\t1.png;0.486608;2.52848;0
7; 13; 13; dataset\t1.png;0.487012;2.5263;0
7; 13; 14; dataset\t1.png;0.48665;2.52524;0
7; 13; 15; dataset\t1.png;0.488035;2.52465;0
7; 14; 2; dataset\t1.png;0.437155;2.5314;0
7; 14; 3; dataset\t1.png;0.43983;2.53129;0
7; 14; 4; dataset\t1.png;0.442643;2.53008;0
7; 14; 5; dataset\t1.png;0.446198;2.52782;0
7; 14; 6; dataset\t1.png;0.452175;2.52648;0
7; 14; 7; dataset\t1.png;0.460043;2.52658;0
7; 14; 8; dataset\t1.png;0.469203;2.52826;0
7; 14; 9; dataset\t1.png;0.477733;2.5305;0
7; 14; 10; dataset\t1.png;0.4857;2.53285;0
7; 14; 11; dataset\t1.png;0.489473;2.53187;0
7; 14; 12; dataset\t1.png;0.490698;2.52941;0
7; 14; 13; dataset\t1.png;0.491053;2.52676;0
7; 14; 14; dataset\t1.png;0.489822;2.52551;0
7; 14; 15; dataset\t1.png;0.491055;2.52501;0
7; 15; 2; dataset\t1.png;0.444995;2.5345;0
7; 15; 3; dataset\t1.png;0.44599;2.5336;0
7; 15; 4; dataset\t1.png;0.448298;2.53189;0
7; 15; 5; dataset\t1.png;0.450613;2.52924;0
7; 15; 6; dataset\t1.png;0.456365;2.52768;0
7; 15; 7; dataset\t1.png;0.464278;2.52782;0
7; 15; 8; dataset\t1.png;0.472918;2.52921;0
7; 15; 9; dataset\t1.png;0.48044;2.53117;0
7; 15; 10; dataset\t1.png;0.486528;2.53288;0
7; 15; 11; dataset\t1.png;0.490592;2.53187;0
7; 15; 12; dataset\t1.png;0.49233;2.52956;0
7; 15; 13; dataset\t1.png;0.491862;2.52662;0
7; 15; 14; dataset\t1.png;0.49144;2.5255;0
7; 15; 15; dataset\t1.png;0.492027;2.52503;0
8; 2; 2; dataset\t1.png;0.238923;2.31917;0
8; 2; 3; dataset\t1.png;0.286102;2.36805;0
8; 2; 4; dataset\t1.png;0.327417;2.40032;0
8; 2; 5; dataset\t1.png;0.357642;2.41774;0
8; 2; 6; dataset\t1.png;0.38157;2.42751;0
8; 2; 7; dataset\t1.png;0.395618;2.43199;0
8; 2; 8; dataset\t1.png;0.404415;2.43441;0
8; 2; 9; dataset\t1.png;0.409928;2.43445;0
8; 2; 10; dataset\t1.png;0.415115;2.43425;0
8; 2; 11; dataset\t1.png;0.418483;2.43236;0
8; 2; 12; dataset\t1.png;0.424648;2.43229;0
8; 2; 13; dataset\t1.png;0.430135;2.43285;0
8; 2; 14; dataset\t1.png;0.436498;2.43503;0
8; 2; 15; dataset\t1.png;0.44397;2.43738;0
8; 3; 2; dataset\t1.png;0.276137;2.35876;0
8; 3; 3; dataset\t1.png;0.307773;2.38653;0
8; 3; 4; dataset\t1.png;0.33791;2.4073;0
8; 3; 5; dataset\t1.png;0.362345;2.41975;0
8; 3; 6; dataset\t1.png;0.382177;2.42683;0
8; 3; 7; dataset\t1.png;0.395383;2.43075;0
8; 3; 8; dataset\t1.png;0.402455;2.43271;0
8; 3; 9; dataset\t1.png;0.408965;2.43321;0
8; 3; 10; dataset\t1.png;0.414675;2.43348;0
8; 3; 11; dataset\t1.png;0.419838;2.4322;0
8; 3; 12; dataset\t1.png;0.425888;2.43202;0
8; 3; 13; dataset\t1.png;0.431145;2.432;0
8; 3; 14; dataset\t1.png;0.43809;2.43437;0
8; 3; 15; dataset\t1.png;0.444305;2.43631;0
8; 4; 2; dataset\t1.png;0.308185;2.38784;0
8; 4; 3; dataset\t1.png;0.328298;2.40256;0
8; 4; 4; dataset\t1.png;0.349098;2.41438;0
8; 4; 5; dataset\t1.png;0.366997;2.42238;0
8; 4; 6; dataset\t1.png;0.383915;2.42767;0
8; 4; 7; dataset\t1.png;0.396043;2.43086;0
8; 4; 8; dataset\t1.png;0.403645;2.43282;0
8; 4; 9; dataset\t1.png;0.409105;2.4325;0
8; 4; 10; dataset\t1.png;0.415243;2.43273;0
8; 4; 11; dataset\t1.png;0.420928;2.4318;0
8; 4; 12; dataset\t1.png;0.427173;2.43172;0
8; 4; 13; dataset\t1.png;0.432958;2.43171;0
8; 4; 14; dataset\t1.png;0.439752;2.43403;0
8; 4; 15; dataset\t1.png;0.44564;2.43575;0
8; 5; 2; dataset\t1.png;0.333647;2.40748;0
8; 5; 3; dataset\t1.png;0.34612;2.41502;0
8; 5; 4; dataset\t1.png;0.360595;2.4217;0
8; 5; 5; dataset\t1.png;0.373633;2.42566;0
8; 5; 6; dataset\t1.png;0.38733;2.42903;0
8; 5; 7; dataset\t1.png;0.3981;2.43164;0
8; 5; 8; dataset\t1.png;0.405555;2.43323;0
8; 5; 9; dataset\t1.png;0.410693;2.43244;0
8; 5; 10; dataset\t1.png;0.416525;2.43202;0
8; 5; 11; dataset\t1.png;0.422313;2.43124;0
8; 5; 12; dataset\t1.png;0.427183;2.43074;0
8; 5; 13; dataset\t1.png;0.434295;2.4314;0
8; 5; 14; dataset\t1.png;0.4411;2.43332;0
8; 5; 15; dataset\t1.png;0.446215;2.43457;0
8; 6; 2; dataset\t1.png;0.352728;2.4209;0
8; 6; 3; dataset\t1.png;0.361542;2.4255;0
8; 6; 4; dataset\t1.png;0.3721;2.42897;0
8; 6; 5; dataset\t1.png;0.382883;2.4306;0
8; 6; 6; dataset\t1.png;0.393273;2.4317;0
8; 6; 7; dataset\t1.png;0.402308;2.43298;0
8; 6; 8; dataset\t1.png;0.409415;2.43435;0
8; 6; 9; dataset\t1.png;0.414705;2.43346;0
8; 6; 10; dataset\t1.png;0.419595;2.43238;0
8; 6; 11; dataset\t1.png;0.42401;2.43085;0
8; 6; 12; dataset\t1.png;0.429993;2.4308;0
8; 6; 13; dataset\t1.png;0.43687;2.4314;0
8; 6; 14; dataset\t1.png;0.443458;2.433;0
8; 6; 15; dataset\t1.png;0.449045;2.43396;0
8; 7; 2; dataset\t1.png;0.369088;2.43106;0
8; 7; 3; dataset\t1.png;0.3749;2.43355;0
8; 7; 4; dataset\t1.png;0.382098;2.43487;0
8; 7; 5; dataset\t1.png;0.391323;2.43524;0
8; 7; 6; dataset\t1.png;0.400543;2.43486;0
8; 7; 7; dataset\t1.png;0.409323;2.43551;0
8; 7; 8; dataset\t1.png;0.415535;2.43599;0
8; 7; 9; dataset\t1.png;0.420305;2.43479;0
8; 7; 10; dataset\t1.png;0.424483;2.43341;0
8; 7; 11; dataset\t1.png;0.428368;2.43123;0
8; 7; 12; dataset\t1.png;0.432705;2.43061;0
8; 7; 13; dataset\t1.png;0.438258;2.43108;0
8; 7; 14; dataset\t1.png;0.444205;2.43235;0
8; 7; 15; dataset\t1.png;0.450868;2.43331;0
8; 8; 2; dataset\t1.png;0.384355;2.44023;0
8; 8; 3; dataset\t1.png;0.387555;2.4413;0
8; 8; 4; dataset\t1.png;0.392733;2.44126;0
8; 8; 5; dataset\t1.png;0.399653;2.44015;0
8; 8; 6; dataset\t1.png;0.407665;2.43859;0
8; 8; 7; dataset\t1.png;0.41569;2.43831;0
8; 8; 8; dataset\t1.png;0.421503;2.43815;0
8; 8; 9; dataset\t1.png;0.42638;2.43677;0
8; 8; 10; dataset\t1.png;0.430468;2.43507;0
8; 8; 11; dataset\t1.png;0.432198;2.43218;0
8; 8; 12; dataset\t1.png;0.435473;2.43106;0
8; 8; 13; dataset\t1.png;0.438455;2.43092;0
8; 8; 14; dataset\t1.png;0.444525;2.43215;0
8; 8; 15; dataset\t1.png;0.45148;2.43315;0
8; 9; 2; dataset\t1.png;0.396135;2.44783;0
8; 9; 3; dataset\t1.png;0.397792;2.44766;0
8; 9; 4; dataset\t1.png;0.401188;2.44659;0
8; 9; 5; dataset\t1.png;0.406075;2.44396;0
8; 9; 6; dataset\t1.png;0.414415;2.44256;0
8; 9; 7; dataset\t1.png;0.420805;2.4412;0
8; 9; 8; dataset\t1.png;0.42826;2.44122;0
8; 9; 9; dataset\t1.png;0.431535;2.43899;0
8; 9; 10; dataset\t1.png;0.435483;2.43703;0
8; 9; 11; dataset\t1.png;0.436228;2.43363;0
8; 9; 12; dataset\t1.png;0.43872;2.43228;0
8; 9; 13; dataset\t1.png;0.44005;2.43148;0
8; 9; 14; dataset\t1.png;0.445118;2.43267;0
8; 9; 15; dataset\t1.png;0.451245;2.43361;0
8; 10; 2; dataset\t1.png;0.405688;2.45465;0
8; 10; 3; dataset\t1.png;0.406793;2.45383;0
8; 10; 4; dataset\t1.png;0.409373;2.45162;0
8; 10; 5; dataset\t1.png;0.413013;2.44811;0
8; 10; 6; dataset\t1.png;0.420238;2.44608;0
8; 10; 7; dataset\t1.png;0.428275;2.44491;0
8; 10; 8; dataset\t1.png;0.434058;2.44398;0
8; 10; 9; dataset\t1.png;0.436663;2.44131;0
8; 10; 10; dataset\t1.png;0.439483;2.43883;0
8; 10; 11; dataset\t1.png;0.44104;2.43545;0
8; 10; 12; dataset\t1.png;0.443603;2.43376;0
8; 10; 13; dataset\t1.png;0.444093;2.43304;0
8; 10; 14; dataset\t1.png;0.44727;2.43356;0
8; 10; 15; dataset\t1.png;0.453455;2.4346;0
8; 11; 2; dataset\t1.png;0.412517;2.46026;0
8; 11; 3; dataset\t1.png;0.414005;2.45914;0
8; 11; 4; dataset\t1.png;0.415475;2.45612;0
8; 11; 5; dataset\t1.png;0.418605;2.45203;0
8; 11; 6; dataset\t1.png;0.424265;2.44892;0
8; 11; 7; dataset\t1.png;0.432743;2.44756;0
8; 11; 8; dataset\t1.png;0.438913;2.44659;0
8; 11; 9; dataset\t1.png;0.442098;2.44385;0
8; 11; 10; dataset\t1.png;0.445293;2.44123;0
8; 11; 11; dataset\t1.png;0.447588;2.43795;0
8; 11; 12; dataset\t1.png;0.449745;2.43597;0
8; 11; 13; dataset\t1.png;0.45053;2.43493;0
8; 11; 14; dataset\t1.png;0.452095;2.43511;0
8; 11; 15; dataset\t1.png;0.456913;2.43595;0
8; 12; 2; dataset\t1.png;0.419733;2.46522;0
8; 12; 3; dataset\t1.png;0.419798;2.46343;0
8; 12; 4; dataset\t1.png;0.421067;2.45986;0
8; 12; 5; dataset\t1.png;0.42333;2.45501;0
8; 12; 6; dataset\t1.png;0.42718;2.45093;0
8; 12; 7; dataset\t1.png;0.435175;2.44915;0
8; 12; 8; dataset\t1.png;0.443088;2.44848;0
8; 12; 9; dataset\t1.png;0.448333;2.44612;0
8; 12; 10; dataset\t1.png;0.45209;2.44337;0
8; 12; 11; dataset\t1.png;0.455345;2.44006;0
8; 12; 12; dataset\t1.png;0.456563;2.43773;0
8; 12; 13; dataset\t1.png;0.457228;2.43652;0
8; 12; 14; dataset\t1.png;0.45835;2.43662;0
8; 12; 15; dataset\t1.png;0.461228;2.43723;0
8; 13; 2; dataset\t1.png;0.427642;2.47;0
8; 13; 3; dataset\t1.png;0.426593;2.46734;0
8; 13; 4; dataset\t1.png;0.42815;2.46366;0
8; 13; 5; dataset\t1.png;0.428997;2.4581;0
8; 13; 6; dataset\t1.png;0.432448;2.45348;0
8; 13; 7; dataset\t1.png;0.439495;2.45121;0
8; 13; 8; dataset\t1.png;0.447468;2.45023;0
8; 13; 9; dataset\t1.png;0.45462;2.44815;0
8; 13; 10; dataset\t1.png;0.460453;2.44567;0
8; 13; 11; dataset\t1.png;0.46302;2.4422;0
8; 13; 12; dataset\t1.png;0.4628;2.43944;0
8; 13; 13; dataset\t1.png;0.46341;2.43784;0
8; 13; 14; dataset\t1.png;0.464893;2.43775;0
8; 13; 15; dataset\t1.png;0.466093;2.43823;0
8; 14; 2; dataset\t1.png;0.435598;2.47444;0
8; 14; 3; dataset\t1.png;0.434973;2.47176;0
8; 14; 4; dataset\t1.png;0.435785;2.46735;0
8; 14; 5; dataset\t1.png;0.437588;2.46177;0
8; 14; 6; dataset\t1.png;0.439645;2.45638;0
8; 14; 7; dataset\t1.png;0.44535;2.45363;0
8; 14; 8; dataset\t1.png;0.452523;2.45249;0
8; 14; 9; dataset\t1.png;0.46026;2.45008;0
8; 14; 10; dataset\t1.png;0.466943;2.44779;0
8; 14; 11; dataset\t1.png;0.468783;2.44428;0
8; 14; 12; dataset\t1.png;0.468373;2.44153;0
8; 14; 13; dataset\t1.png;0.468375;2.43973;0
8; 14; 14; dataset\t1.png;0.469093;2.43934;0
8; 14; 15; dataset\t1.png;0.468298;2.43933;0
8; 15; 2; dataset\t1.png;0.443023;2.47821;0
8; 15; 3; dataset\t1.png;0.44194;2.47529;0
8; 15; 4; dataset\t1.png;0.442705;2.4706;0
8; 15; 5; dataset\t1.png;0.4441;2.46459;0
8; 15; 6; dataset\t1.png;0.446768;2.45935;0
8; 15; 7; dataset\t1.png;0.450775;2.45589;0
8; 15; 8; dataset\t1.png;0.455833;2.45378;0
8; 15; 9; dataset\t1.png;0.462973;2.45131;0
8; 15; 10; dataset\t1.png;0.46991;2.44912;0
8; 15; 11; dataset\t1.png;0.471743;2.44569;0
8; 15; 12; dataset\t1.png;0.472037;2.44309;0
8; 15; 13; dataset\t1.png;0.47244;2.44141;0
8; 15; 14; dataset\t1.png;0.47034;2.4407;0
8; 15; 15; dataset\t1.png;0.469975;2.44072;0
9; 2; 2; dataset\t1.png;0.223413;2.08882;0
9; 2; 3; dataset\t1.png;0.267197;2.12301;0
9; 2; 4; dataset\t1.png;0.301335;2.14104;0
9; 2; 5; dataset\t1.png;0.321035;2.14534;0
9; 2; 6; dataset\t1.png;0.332568;2.14397;0
9; 2; 7; dataset\t1.png;0.33926;2.14019;0
9; 2; 8; dataset\t1.png;0.342673;2.13507;0
9; 2; 9; dataset\t1.png;0.343775;2.13022;0
9; 2; 10; dataset\t1.png;0.34365;2.12572;0
9; 2; 11; dataset\t1.png;0.344085;2.12151;0
9; 2; 12; dataset\t1.png;0.34527;2.11671;0
9; 2; 13; dataset\t1.png;0.34715;2.11272;0
9; 2; 14; dataset\t1.png;0.351313;2.11075;0
9; 2; 15; dataset\t1.png;0.355065;2.11121;0
9; 3; 2; dataset\t1.png;0.25951;2.12068;0
9; 3; 3; dataset\t1.png;0.285802;2.13592;0
9; 3; 4; dataset\t1.png;0.307868;2.14496;0
9; 3; 5; dataset\t1.png;0.32318;2.14687;0
9; 3; 6; dataset\t1.png;0.332785;2.14457;0
9; 3; 7; dataset\t1.png;0.338115;2.14025;0
9; 3; 8; dataset\t1.png;0.341342;2.13475;0
9; 3; 9; dataset\t1.png;0.34375;2.13015;0
9; 3; 10; dataset\t1.png;0.343698;2.1261;0
9; 3; 11; dataset\t1.png;0.344635;2.12183;0
9; 3; 12; dataset\t1.png;0.34483;2.11677;0
9; 3; 13; dataset\t1.png;0.345558;2.11254;0
9; 3; 14; dataset\t1.png;0.34907;2.11037;0
9; 3; 15; dataset\t1.png;0.35185;2.1107;0
9; 4; 2; dataset\t1.png;0.28752;2.14021;0
9; 4; 3; dataset\t1.png;0.300883;2.14515;0
9; 4; 4; dataset\t1.png;0.3135;2.14805;0
9; 4; 5; dataset\t1.png;0.32488;2.14801;0
9; 4; 6; dataset\t1.png;0.332833;2.14485;0
9; 4; 7; dataset\t1.png;0.337917;2.14008;0
9; 4; 8; dataset\t1.png;0.339927;2.13457;0
9; 4; 9; dataset\t1.png;0.341978;2.12992;0
9; 4; 10; dataset\t1.png;0.34222;2.12557;0
9; 4; 11; dataset\t1.png;0.342858;2.1212;0
9; 4; 12; dataset\t1.png;0.343173;2.11623;0
9; 4; 13; dataset\t1.png;0.343862;2.11207;0
9; 4; 14; dataset\t1.png;0.347338;2.10965;0
9; 4; 15; dataset\t1.png;0.349993;2.11016;0
9; 5; 2; dataset\t1.png;0.304495;2.14921;0
9; 5; 3; dataset\t1.png;0.310825;2.14957;0
9; 5; 4; dataset\t1.png;0.318522;2.15019;0
9; 5; 5; dataset\t1.png;0.326742;2.14814;0
9; 5; 6; dataset\t1.png;0.332963;2.14414;0
9; 5; 7; dataset\t1.png;0.337633;2.13975;0
9; 5; 8; dataset\t1.png;0.34011;2.13436;0
9; 5; 9; dataset\t1.png;0.340445;2.12914;0
9; 5; 10; dataset\t1.png;0.340227;2.12432;0
9; 5; 11; dataset\t1.png;0.340268;2.11989;0
9; 5; 12; dataset\t1.png;0.341083;2.11517;0
9; 5; 13; dataset\t1.png;0.342118;2.11096;0
9; 5; 14; dataset\t1.png;0.344683;2.1086;0
9; 5; 15; dataset\t1.png;0.346295;2.10871;0
9; 6; 2; dataset\t1.png;0.316585;2.15475;0
9; 6; 3; dataset\t1.png;0.319142;2.15355;0
9; 6; 4; dataset\t1.png;0.323737;2.15251;0
9; 6; 5; dataset\t1.png;0.328937;2.14908;0
9; 6; 6; dataset\t1.png;0.33346;2.14437;0
9; 6; 7; dataset\t1.png;0.336468;2.13939;0
9; 6; 8; dataset\t1.png;0.338563;2.13378;0
9; 6; 9; dataset\t1.png;0.33972;2.12888;0
9; 6; 10; dataset\t1.png;0.339302;2.12404;0
9; 6; 11; dataset\t1.png;0.339505;2.11978;0
9; 6; 12; dataset\t1.png;0.340078;2.11517;0
9; 6; 13; dataset\t1.png;0.341058;2.11083;0
9; 6; 14; dataset\t1.png;0.342503;2.10814;0
9; 6; 15; dataset\t1.png;0.34401;2.10815;0
9; 7; 2; dataset\t1.png;0.326195;2.15988;0
9; 7; 3; dataset\t1.png;0.326512;2.15773;0
9; 7; 4; dataset\t1.png;0.32898;2.15558;0
9; 7; 5; dataset\t1.png;0.332008;2.1514;0
9; 7; 6; dataset\t1.png;0.334675;2.146;0
9; 7; 7; dataset\t1.png;0.337323;2.14077;0
9; 7; 8; dataset\t1.png;0.33925;2.13481;0
9; 7; 9; dataset\t1.png;0.339615;2.12947;0
9; 7; 10; dataset\t1.png;0.33951;2.12499;0
9; 7; 11; dataset\t1.png;0.339662;2.12094;0
9; 7; 12; dataset\t1.png;0.340013;2.11625;0
9; 7; 13; dataset\t1.png;0.340468;2.1118;0
9; 7; 14; dataset\t1.png;0.341903;2.10882;0
9; 7; 15; dataset\t1.png;0.343525;2.10878;0
9; 8; 2; dataset\t1.png;0.334828;2.166;0
9; 8; 3; dataset\t1.png;0.33454;2.16305;0
9; 8; 4; dataset\t1.png;0.334888;2.15999;0
9; 8; 5; dataset\t1.png;0.335523;2.15491;0
9; 8; 6; dataset\t1.png;0.336282;2.14863;0
9; 8; 7; dataset\t1.png;0.338345;2.14324;0
9; 8; 8; dataset\t1.png;0.341207;2.13742;0
9; 8; 9; dataset\t1.png;0.342063;2.13221;0
9; 8; 10; dataset\t1.png;0.34285;2.1278;0
9; 8; 11; dataset\t1.png;0.341898;2.12353;0
9; 8; 12; dataset\t1.png;0.340845;2.11844;0
9; 8; 13; dataset\t1.png;0.34028;2.11396;0
9; 8; 14; dataset\t1.png;0.341583;2.11089;0
9; 8; 15; dataset\t1.png;0.34422;2.11099;0
9; 9; 2; dataset\t1.png;0.341255;2.17168;0
9; 9; 3; dataset\t1.png;0.340163;2.1683;0
9; 9; 4; dataset\t1.png;0.338748;2.1641;0
9; 9; 5; dataset\t1.png;0.33785;2.15852;0
9; 9; 6; dataset\t1.png;0.337607;2.1518;0
9; 9; 7; dataset\t1.png;0.339463;2.1462;0
9; 9; 8; dataset\t1.png;0.343265;2.14099;0
9; 9; 9; dataset\t1.png;0.344823;2.13575;0
9; 9; 10; dataset\t1.png;0.345058;2.13104;0
9; 9; 11; dataset\t1.png;0.34434;2.1267;0
9; 9; 12; dataset\t1.png;0.343013;2.12159;0
9; 9; 13; dataset\t1.png;0.341598;2.11674;0
9; 9; 14; dataset\t1.png;0.342553;2.11379;0
9; 9; 15; dataset\t1.png;0.346515;2.11408;0
9; 10; 2; dataset\t1.png;0.34635;2.17714;0
9; 10; 3; dataset\t1.png;0.344795;2.17316;0
9; 10; 4; dataset\t1.png;0.342013;2.16836;0
9; 10; 5; dataset\t1.png;0.339665;2.16177;0
9; 10; 6; dataset\t1.png;0.33983;2.1551;0
9; 10; 7; dataset\t1.png;0.34146;2.14936;0
9; 10; 8; dataset\t1.png;0.34427;2.14365;0
9; 10; 9; dataset\t1.png;0.347465;2.1387;0
9; 10; 10; dataset\t1.png;0.347503;2.13397;0
9; 10; 11; dataset\t1.png;0.347353;2.12961;0
9; 10; 12; dataset\t1.png;0.345748;2.12438;0
9; 10; 13; dataset\t1.png;0.344528;2.11945;0
9; 10; 14; dataset\t1.png;0.346135;2.1169;0
9; 10; 15; dataset\t1.png;0.349428;2.11747;0
9; 11; 2; dataset\t1.png;0.349645;2.18129;0
9; 11; 3; dataset\t1.png;0.347443;2.17705;0
9; 11; 4; dataset\t1.png;0.344743;2.17222;0
9; 11; 5; dataset\t1.png;0.342423;2.1655;0
9; 11; 6; dataset\t1.png;0.34123;2.15805;0
9; 11; 7; dataset\t1.png;0.344055;2.1524;0
9; 11; 8; dataset\t1.png;0.347272;2.14653;0
9; 11; 9; dataset\t1.png;0.349917;2.14154;0
9; 11; 10; dataset\t1.png;0.35015;2.13702;0
9; 11; 11; dataset\t1.png;0.350148;2.13274;0
9; 11; 12; dataset\t1.png;0.350338;2.12758;0
9; 11; 13; dataset\t1.png;0.349845;2.12281;0
9; 11; 14; dataset\t1.png;0.349718;2.12;0
9; 11; 15; dataset\t1.png;0.35188;2.12058;0
9; 12; 2; dataset\t1.png;0.351568;2.18483;0
9; 12; 3; dataset\t1.png;0.349275;2.18061;0
9; 12; 4; dataset\t1.png;0.34815;2.17596;0
9; 12; 5; dataset\t1.png;0.34614;2.16905;0
9; 12; 6; dataset\t1.png;0.345313;2.16166;0
9; 12; 7; dataset\t1.png;0.34733;2.15533;0
9; 12; 8; dataset\t1.png;0.35059;2.14933;0
9; 12; 9; dataset\t1.png;0.352563;2.14425;0
9; 12; 10; dataset\t1.png;0.353428;2.14009;0
9; 12; 11; dataset\t1.png;0.353825;2.13562;0
9; 12; 12; dataset\t1.png;0.355258;2.13068;0
9; 12; 13; dataset\t1.png;0.355845;2.126;0
9; 12; 14; dataset\t1.png;0.355953;2.12349;0
9; 12; 15; dataset\t1.png;0.357045;2.1241;0
9; 13; 2; dataset\t1.png;0.353863;2.18857;0
9; 13; 3; dataset\t1.png;0.351797;2.18429;0
9; 13; 4; dataset\t1.png;0.351607;2.17975;0
9; 13; 5; dataset\t1.png;0.35164;2.17313;0
9; 13; 6; dataset\t1.png;0.351492;2.1656;0
9; 13; 7; dataset\t1.png;0.35223;2.15898;0
9; 13; 8; dataset\t1.png;0.35356;2.15268;0
9; 13; 9; dataset\t1.png;0.355195;2.14739;0
9; 13; 10; dataset\t1.png;0.356755;2.14327;0
9; 13; 11; dataset\t1.png;0.357725;2.13905;0
9; 13; 12; dataset\t1.png;0.359183;2.13415;0
9; 13; 13; dataset\t1.png;0.359915;2.12942;0
9; 13; 14; dataset\t1.png;0.361658;2.12701;0
9; 13; 15; dataset\t1.png;0.362373;2.1276;0
9; 14; 2; dataset\t1.png;0.358427;2.19309;0
9; 14; 3; dataset\t1.png;0.355983;2.18846;0
9; 14; 4; dataset\t1.png;0.355635;2.18365;0
9; 14; 5; dataset\t1.png;0.356545;2.1771;0
9; 14; 6; dataset\t1.png;0.35761;2.1699;0
9; 14; 7; dataset\t1.png;0.357755;2.16343;0
9; 14; 8; dataset\t1.png;0.35793;2.15695;0
9; 14; 9; dataset\t1.png;0.35879;2.15176;0
9; 14; 10; dataset\t1.png;0.359825;2.14763;0
9; 14; 11; dataset\t1.png;0.36165;2.1432;0
9; 14; 12; dataset\t1.png;0.362628;2.13788;0
9; 14; 13; dataset\t1.png;0.363893;2.13316;0
9; 14; 14; dataset\t1.png;0.365098;2.1305;0
9; 14; 15; dataset\t1.png;0.364868;2.13092;0
9; 15; 2; dataset\t1.png;0.364;2.19739;0
9; 15; 3; dataset\t1.png;0.361585;2.19251;0
9; 15; 4; dataset\t1.png;0.360787;2.18756;0
9; 15; 5; dataset\t1.png;0.362188;2.18121;0
9; 15; 6; dataset\t1.png;0.363083;2.17416;0
9; 15; 7; dataset\t1.png;0.36353;2.1677;0
9; 15; 8; dataset\t1.png;0.362793;2.16089;0
9; 15; 9; dataset\t1.png;0.362733;2.15591;0
9; 15; 10; dataset\t1.png;0.362353;2.15141;0
9; 15; 11; dataset\t1.png;0.36419;2.14671;0
9; 15; 12; dataset\t1.png;0.365258;2.14122;0
9; 15; 13; dataset\t1.png;0.36567;2.13654;0
9; 15; 14; dataset\t1.png;0.36617;2.13358;0
9; 15; 15; dataset\t1.png;0.365848;2.13337;0
10; 2; 2; dataset\t1.png;0.24833;2.07597;0
10; 2; 3; dataset\t1.png;0.302105;2.10976;0
10; 2; 4; dataset\t1.png;0.343863;2.12592;0
10; 2; 5; dataset\t1.png;0.37027;2.1306;0
10; 2; 6; dataset\t1.png;0.3842;2.1295;0
10; 2; 7; dataset\t1.png;0.389975;2.12648;0
10; 2; 8; dataset\t1.png;0.392975;2.12386;0
10; 2; 9; dataset\t1.png;0.394757;2.12125;0
10; 2; 10; dataset\t1.png;0.39767;2.11884;0
10; 2; 11; dataset\t1.png;0.399368;2.11494;0
10; 2; 12; dataset\t1.png;0.40261;2.1108;0
10; 2; 13; dataset\t1.png;0.407033;2.10804;0
10; 2; 14; dataset\t1.png;0.413045;2.10551;0
10; 2; 15; dataset\t1.png;0.416038;2.10173;0
10; 3; 2; dataset\t1.png;0.293247;2.10754;0
10; 3; 3; dataset\t1.png;0.325715;2.1225;0
10; 3; 4; dataset\t1.png;0.352423;2.12959;0
10; 3; 5; dataset\t1.png;0.37124;2.13112;0
10; 3; 6; dataset\t1.png;0.382845;2.12927;0
10; 3; 7; dataset\t1.png;0.389398;2.12664;0
10; 3; 8; dataset\t1.png;0.392217;2.1238;0
10; 3; 9; dataset\t1.png;0.394705;2.12135;0
10; 3; 10; dataset\t1.png;0.397352;2.11912;0
10; 3; 11; dataset\t1.png;0.399402;2.11484;0
10; 3; 12; dataset\t1.png;0.403035;2.1107;0
10; 3; 13; dataset\t1.png;0.407068;2.10767;0
10; 3; 14; dataset\t1.png;0.411598;2.10475;0
10; 3; 15; dataset\t1.png;0.414127;2.10098;0
10; 4; 2; dataset\t1.png;0.330787;2.12843;0
10; 4; 3; dataset\t1.png;0.348297;2.13318;0
10; 4; 4; dataset\t1.png;0.363193;2.13393;0
10; 4; 5; dataset\t1.png;0.374865;2.13259;0
10; 4; 6; dataset\t1.png;0.382868;2.12986;0
10; 4; 7; dataset\t1.png;0.387165;2.12644;0
10; 4; 8; dataset\t1.png;0.390753;2.12364;0
10; 4; 9; dataset\t1.png;0.393677;2.12107;0
10; 4; 10; dataset\t1.png;0.396948;2.11896;0
10; 4; 11; dataset\t1.png;0.398858;2.11471;0
10; 4; 12; dataset\t1.png;0.40167;2.11036;0
10; 4; 13; dataset\t1.png;0.40586;2.1076;0
10; 4; 14; dataset\t1.png;0.409515;2.10453;0
10; 4; 15; dataset\t1.png;0.412173;2.10094;0
10; 5; 2; dataset\t1.png;0.355635;2.14002;0
10; 5; 3; dataset\t1.png;0.363877;2.13975;0
10; 5; 4; dataset\t1.png;0.37129;2.1372;0
10; 5; 5; dataset\t1.png;0.37847;2.13409;0
10; 5; 6; dataset\t1.png;0.383942;2.13038;0
10; 5; 7; dataset\t1.png;0.387078;2.12655;0
10; 5; 8; dataset\t1.png;0.39012;2.12361;0
10; 5; 9; dataset\t1.png;0.392815;2.12106;0
10; 5; 10; dataset\t1.png;0.39486;2.11837;0
10; 5; 11; dataset\t1.png;0.396735;2.11444;0
10; 5; 12; dataset\t1.png;0.39951;2.11013;0
10; 5; 13; dataset\t1.png;0.402693;2.10699;0
10; 5; 14; dataset\t1.png;0.406622;2.10425;0
10; 5; 15; dataset\t1.png;0.41053;2.10085;0
10; 6; 2; dataset\t1.png;0.370528;2.14575;0
10; 6; 3; dataset\t1.png;0.374783;2.14384;0
10; 6; 4; dataset\t1.png;0.377893;2.13979;0
10; 6; 5; dataset\t1.png;0.380943;2.13519;0
10; 6; 6; dataset\t1.png;0.38449;2.13078;0
10; 6; 7; dataset\t1.png;0.38718;2.12683;0
10; 6; 8; dataset\t1.png;0.389572;2.12418;0
10; 6; 9; dataset\t1.png;0.392227;2.12168;0
10; 6; 10; dataset\t1.png;0.393675;2.11854;0
10; 6; 11; dataset\t1.png;0.394335;2.11438;0
10; 6; 12; dataset\t1.png;0.39678;2.11012;0
10; 6; 13; dataset\t1.png;0.399355;2.10685;0
10; 6; 14; dataset\t1.png;0.403288;2.1043;0
10; 6; 15; dataset\t1.png;0.407635;2.10067;0
10; 7; 2; dataset\t1.png;0.37998;2.14842;0
10; 7; 3; dataset\t1.png;0.381393;2.1456;0
10; 7; 4; dataset\t1.png;0.381987;2.14072;0
10; 7; 5; dataset\t1.png;0.382955;2.13555;0
10; 7; 6; dataset\t1.png;0.384278;2.13069;0
10; 7; 7; dataset\t1.png;0.386555;2.12695;0
10; 7; 8; dataset\t1.png;0.389003;2.12431;0
10; 7; 9; dataset\t1.png;0.391387;2.12173;0
10; 7; 10; dataset\t1.png;0.392628;2.11868;0
10; 7; 11; dataset\t1.png;0.392743;2.11428;0
10; 7; 12; dataset\t1.png;0.394373;2.10989;0
10; 7; 13; dataset\t1.png;0.396152;2.10669;0
10; 7; 14; dataset\t1.png;0.399885;2.10375;0
10; 7; 15; dataset\t1.png;0.40375;2.10025;0
10; 8; 2; dataset\t1.png;0.384483;2.14947;0
10; 8; 3; dataset\t1.png;0.383132;2.14579;0
10; 8; 4; dataset\t1.png;0.382515;2.14093;0
10; 8; 5; dataset\t1.png;0.382005;2.13558;0
10; 8; 6; dataset\t1.png;0.382813;2.13082;0
10; 8; 7; dataset\t1.png;0.384723;2.1269;0
10; 8; 8; dataset\t1.png;0.38865;2.12451;0
10; 8; 9; dataset\t1.png;0.391993;2.12195;0
10; 8; 10; dataset\t1.png;0.394215;2.11902;0
10; 8; 11; dataset\t1.png;0.394063;2.11486;0
10; 8; 12; dataset\t1.png;0.393545;2.11028;0
10; 8; 13; dataset\t1.png;0.394205;2.10709;0
10; 8; 14; dataset\t1.png;0.397547;2.10421;0
10; 8; 15; dataset\t1.png;0.400813;2.10063;0
10; 9; 2; dataset\t1.png;0.38639;2.15101;0
10; 9; 3; dataset\t1.png;0.383323;2.14654;0
10; 9; 4; dataset\t1.png;0.380615;2.14079;0
10; 9; 5; dataset\t1.png;0.378828;2.13531;0
10; 9; 6; dataset\t1.png;0.379525;2.13073;0
10; 9; 7; dataset\t1.png;0.382515;2.12761;0
10; 9; 8; dataset\t1.png;0.387925;2.12528;0
10; 9; 9; dataset\t1.png;0.391732;2.12267;0
10; 9; 10; dataset\t1.png;0.395495;2.12017;0
10; 9; 11; dataset\t1.png;0.396187;2.11643;0
10; 9; 12; dataset\t1.png;0.395197;2.11165;0
10; 9; 13; dataset\t1.png;0.394523;2.10838;0
10; 9; 14; dataset\t1.png;0.396722;2.10542;0
10; 9; 15; dataset\t1.png;0.399565;2.10153;0
10; 10; 2; dataset\t1.png;0.387578;2.15296;0
10; 10; 3; dataset\t1.png;0.38241;2.14779;0
10; 10; 4; dataset\t1.png;0.378207;2.1414;0
10; 10; 5; dataset\t1.png;0.37681;2.13565;0
10; 10; 6; dataset\t1.png;0.377182;2.13126;0
10; 10; 7; dataset\t1.png;0.381408;2.12873;0
10; 10; 8; dataset\t1.png;0.387838;2.12667;0
10; 10; 9; dataset\t1.png;0.392358;2.1243;0
10; 10; 10; dataset\t1.png;0.395987;2.12185;0
10; 10; 11; dataset\t1.png;0.397555;2.11816;0
10; 10; 12; dataset\t1.png;0.3979;2.11355;0
10; 10; 13; dataset\t1.png;0.398795;2.1106;0
10; 10; 14; dataset\t1.png;0.400235;2.10738;0
10; 10; 15; dataset\t1.png;0.401505;2.10346;0
10; 11; 2; dataset\t1.png;0.389413;2.15457;0
10; 11; 3; dataset\t1.png;0.383648;2.14898;0
10; 11; 4; dataset\t1.png;0.378452;2.14214;0
10; 11; 5; dataset\t1.png;0.377113;2.13673;0
10; 11; 6; dataset\t1.png;0.379275;2.13282;0
10; 11; 7; dataset\t1.png;0.383605;2.1303;0
10; 11; 8; dataset\t1.png;0.389692;2.12858;0
10; 11; 9; dataset\t1.png;0.39435;2.12638;0
10; 11; 10; dataset\t1.png;0.39758;2.12379;0
10; 11; 11; dataset\t1.png;0.400255;2.12012;0
10; 11; 12; dataset\t1.png;0.40111;2.11555;0
10; 11; 13; dataset\t1.png;0.402683;2.11257;0
10; 11; 14; dataset\t1.png;0.404025;2.10922;0
10; 11; 15; dataset\t1.png;0.404875;2.10523;0
10; 12; 2; dataset\t1.png;0.391565;2.15655;0
10; 12; 3; dataset\t1.png;0.386643;2.15138;0
10; 12; 4; dataset\t1.png;0.381455;2.14449;0
10; 12; 5; dataset\t1.png;0.380535;2.13869;0
10; 12; 6; dataset\t1.png;0.383095;2.13531;0
10; 12; 7; dataset\t1.png;0.38856;2.1329;0
10; 12; 8; dataset\t1.png;0.392798;2.13077;0
10; 12; 9; dataset\t1.png;0.397473;2.12893;0
10; 12; 10; dataset\t1.png;0.400135;2.12633;0
10; 12; 11; dataset\t1.png;0.403257;2.12256;0
10; 12; 12; dataset\t1.png;0.405735;2.11789;0
10; 12; 13; dataset\t1.png;0.407665;2.11456;0
10; 12; 14; dataset\t1.png;0.40918;2.11139;0
10; 12; 15; dataset\t1.png;0.41082;2.10794;0
10; 13; 2; dataset\t1.png;0.396905;2.15998;0
10; 13; 3; dataset\t1.png;0.391807;2.15473;0
10; 13; 4; dataset\t1.png;0.387273;2.1483;0
10; 13; 5; dataset\t1.png;0.386748;2.14271;0
10; 13; 6; dataset\t1.png;0.388983;2.13899;0
10; 13; 7; dataset\t1.png;0.39404;2.13656;0
10; 13; 8; dataset\t1.png;0.398195;2.13419;0
10; 13; 9; dataset\t1.png;0.401455;2.13189;0
10; 13; 10; dataset\t1.png;0.404235;2.12924;0
10; 13; 11; dataset\t1.png;0.406918;2.12555;0
10; 13; 12; dataset\t1.png;0.410015;2.12071;0
10; 13; 13; dataset\t1.png;0.412193;2.11713;0
10; 13; 14; dataset\t1.png;0.414058;2.11405;0
10; 13; 15; dataset\t1.png;0.415095;2.11064;0
10; 14; 2; dataset\t1.png;0.406033;2.16498;0
10; 14; 3; dataset\t1.png;0.399555;2.15945;0
10; 14; 4; dataset\t1.png;0.3958;2.15315;0
10; 14; 5; dataset\t1.png;0.395195;2.1479;0
10; 14; 6; dataset\t1.png;0.396315;2.14335;0
10; 14; 7; dataset\t1.png;0.39846;2.14005;0
10; 14; 8; dataset\t1.png;0.401105;2.13729;0
10; 14; 9; dataset\t1.png;0.404533;2.13495;0
10; 14; 10; dataset\t1.png;0.408225;2.13222;0
10; 14; 11; dataset\t1.png;0.411248;2.12849;0
10; 14; 12; dataset\t1.png;0.41352;2.12354;0
10; 14; 13; dataset\t1.png;0.415343;2.11988;0
10; 14; 14; dataset\t1.png;0.416845;2.11691;0
10; 14; 15; dataset\t1.png;0.418548;2.11368;0
10; 15; 2; dataset\t1.png;0.413772;2.16952;0
10; 15; 3; dataset\t1.png;0.40905;2.16468;0
10; 15; 4; dataset\t1.png;0.40634;2.15857;0
10; 15; 5; dataset\t1.png;0.403698;2.15256;0
10; 15; 6; dataset\t1.png;0.402865;2.14752;0
10; 15; 7; dataset\t1.png;0.403487;2.14361;0
10; 15; 8; dataset\t1.png;0.404285;2.14034;0
10; 15; 9; dataset\t1.png;0.407662;2.13774;0
10; 15; 10; dataset\t1.png;0.411215;2.13505;0
10; 15; 11; dataset\t1.png;0.413652;2.13114;0
10; 15; 12; dataset\t1.png;0.41607;2.12615;0
10; 15; 13; dataset\t1.png;0.417695;2.12284;0
10; 15; 14; dataset\t1.png;0.418745;2.11955;0
10; 15; 15; dataset\t1.png;0.419738;2.11597;0
11; 2; 2; dataset\t1.png;0.314333;2.31959;0
11; 2; 3; dataset\t1.png;0.387133;2.36429;0
11; 2; 4; dataset\t1.png;0.446072;2.39005;0
11; 2; 5; dataset\t1.png;0.4837;2.40115;0
11; 2; 6; dataset\t1.png;0.505698;2.40496;0
11; 2; 7; dataset\t1.png;0.516838;2.40622;0
11; 2; 8; dataset\t1.png;0.5233;2.40716;0
11; 2; 9; dataset\t1.png;0.527105;2.40655;0
11; 2; 10; dataset\t1.png;0.532088;2.40491;0
11; 2; 11; dataset\t1.png;0.538388;2.40219;0
11; 2; 12; dataset\t1.png;0.54713;2.39976;0
11; 2; 13; dataset\t1.png;0.558838;2.39792;0
11; 2; 14; dataset\t1.png;0.567927;2.39525;0
11; 2; 15; dataset\t1.png;0.573152;2.39134;0
11; 3; 2; dataset\t1.png;0.377108;2.3615;0
11; 3; 3; dataset\t1.png;0.42214;2.38271;0
11; 3; 4; dataset\t1.png;0.460445;2.39618;0
11; 3; 5; dataset\t1.png;0.487035;2.4022;0
11; 3; 6; dataset\t1.png;0.503838;2.4047;0
11; 3; 7; dataset\t1.png;0.5126;2.40524;0
11; 3; 8; dataset\t1.png;0.520045;2.40623;0
11; 3; 9; dataset\t1.png;0.526273;2.4064;0
11; 3; 10; dataset\t1.png;0.532115;2.40494;0
11; 3; 11; dataset\t1.png;0.540328;2.40264;0
11; 3; 12; dataset\t1.png;0.548745;2.3996;0
11; 3; 13; dataset\t1.png;0.558967;2.39716;0
11; 3; 14; dataset\t1.png;0.566412;2.3944;0
11; 3; 15; dataset\t1.png;0.569118;2.39054;0
11; 4; 2; dataset\t1.png;0.429327;2.38901;0
11; 4; 3; dataset\t1.png;0.454598;2.39818;0
11; 4; 4; dataset\t1.png;0.47499;2.40289;0
11; 4; 5; dataset\t1.png;0.491712;2.40437;0
11; 4; 6; dataset\t1.png;0.50351;2.40504;0
11; 4; 7; dataset\t1.png;0.510655;2.40481;0
11; 4; 8; dataset\t1.png;0.518493;2.40588;0
11; 4; 9; dataset\t1.png;0.52707;2.40651;0
11; 4; 10; dataset\t1.png;0.533708;2.40533;0
11; 4; 11; dataset\t1.png;0.540915;2.40258;0
11; 4; 12; dataset\t1.png;0.550302;2.39986;0
11; 4; 13; dataset\t1.png;0.558088;2.39722;0
11; 4; 14; dataset\t1.png;0.565155;2.39456;0
11; 4; 15; dataset\t1.png;0.5672;2.39005;0
11; 5; 2; dataset\t1.png;0.465405;2.40551;0
11; 5; 3; dataset\t1.png;0.478818;2.40824;0
11; 5; 4; dataset\t1.png;0.489698;2.40854;0
11; 5; 5; dataset\t1.png;0.498235;2.40689;0
11; 5; 6; dataset\t1.png;0.505573;2.40588;0
11; 5; 7; dataset\t1.png;0.51148;2.40502;0
11; 5; 8; dataset\t1.png;0.518815;2.40569;0
11; 5; 9; dataset\t1.png;0.528317;2.40622;0
11; 5; 10; dataset\t1.png;0.53425;2.40468;0
11; 5; 11; dataset\t1.png;0.540253;2.40214;0
11; 5; 12; dataset\t1.png;0.54789;2.39941;0
11; 5; 13; dataset\t1.png;0.556565;2.39694;0
11; 5; 14; dataset\t1.png;0.563165;2.39407;0
11; 5; 15; dataset\t1.png;0.564922;2.38956;0
11; 6; 2; dataset\t1.png;0.485925;2.41323;0
11; 6; 3; dataset\t1.png;0.493508;2.41327;0
11; 6; 4; dataset\t1.png;0.499253;2.41149;0
11; 6; 5; dataset\t1.png;0.505998;2.40877;0
11; 6; 6; dataset\t1.png;0.510575;2.40679;0
11; 6; 7; dataset\t1.png;0.51539;2.40576;0
11; 6; 8; dataset\t1.png;0.52139;2.40604;0
11; 6; 9; dataset\t1.png;0.527743;2.4054;0
11; 6; 10; dataset\t1.png;0.532708;2.40376;0
11; 6; 11; dataset\t1.png;0.538095;2.40133;0
11; 6; 12; dataset\t1.png;0.545548;2.39887;0
11; 6; 13; dataset\t1.png;0.553085;2.39616;0
11; 6; 14; dataset\t1.png;0.55964;2.3933;0
11; 6; 15; dataset\t1.png;0.561955;2.38895;0
11; 7; 2; dataset\t1.png;0.499438;2.41731;0
11; 7; 3; dataset\t1.png;0.502905;2.41656;0
11; 7; 4; dataset\t1.png;0.506143;2.41376;0
11; 7; 5; dataset\t1.png;0.51184;2.41045;0
11; 7; 6; dataset\t1.png;0.516788;2.4081;0
11; 7; 7; dataset\t1.png;0.521058;2.40683;0
11; 7; 8; dataset\t1.png;0.525728;2.40649;0
11; 7; 9; dataset\t1.png;0.528908;2.40541;0
11; 7; 10; dataset\t1.png;0.532345;2.40369;0
11; 7; 11; dataset\t1.png;0.535925;2.40117;0
11; 7; 12; dataset\t1.png;0.54107;2.39818;0
11; 7; 13; dataset\t1.png;0.548567;2.39578;0
11; 7; 14; dataset\t1.png;0.555325;2.39299;0
11; 7; 15; dataset\t1.png;0.55965;2.38898;0
11; 8; 2; dataset\t1.png;0.50723;2.4193;0
11; 8; 3; dataset\t1.png;0.509218;2.41839;0
11; 8; 4; dataset\t1.png;0.51051;2.41536;0
11; 8; 5; dataset\t1.png;0.51443;2.41173;0
11; 8; 6; dataset\t1.png;0.51982;2.40948;0
11; 8; 7; dataset\t1.png;0.524313;2.40817;0
11; 8; 8; dataset\t1.png;0.528123;2.40729;0
11; 8; 9; dataset\t1.png;0.529895;2.40569;0
11; 8; 10; dataset\t1.png;0.531593;2.40411;0
11; 8; 11; dataset\t1.png;0.5355;2.4017;0
11; 8; 12; dataset\t1.png;0.538852;2.39826;0
11; 8; 13; dataset\t1.png;0.545008;2.39586;0
11; 8; 14; dataset\t1.png;0.550795;2.39305;0
11; 8; 15; dataset\t1.png;0.556105;2.38925;0
11; 9; 2; dataset\t1.png;0.512945;2.42211;0
11; 9; 3; dataset\t1.png;0.513028;2.42019;0
11; 9; 4; dataset\t1.png;0.511135;2.41648;0
11; 9; 5; dataset\t1.png;0.512235;2.41254;0
11; 9; 6; dataset\t1.png;0.517818;2.41078;0
11; 9; 7; dataset\t1.png;0.52298;2.40949;0
11; 9; 8; dataset\t1.png;0.52707;2.40836;0
11; 9; 9; dataset\t1.png;0.530555;2.40685;0
11; 9; 10; dataset\t1.png;0.532503;2.40483;0
11; 9; 11; dataset\t1.png;0.53436;2.40194;0
11; 9; 12; dataset\t1.png;0.536918;2.39875;0
11; 9; 13; dataset\t1.png;0.54204;2.39624;0
11; 9; 14; dataset\t1.png;0.546488;2.39322;0
11; 9; 15; dataset\t1.png;0.551545;2.38967;0
11; 10; 2; dataset\t1.png;0.516583;2.42434;0
11; 10; 3; dataset\t1.png;0.513723;2.42167;0
11; 10; 4; dataset\t1.png;0.510865;2.41757;0
11; 10; 5; dataset\t1.png;0.51029;2.41348;0
11; 10; 6; dataset\t1.png;0.514375;2.41159;0
11; 10; 7; dataset\t1.png;0.51945;2.41027;0
11; 10; 8; dataset\t1.png;0.525905;2.40955;0
11; 10; 9; dataset\t1.png;0.53232;2.40831;0
11; 10; 10; dataset\t1.png;0.53558;2.40601;0
11; 10; 11; dataset\t1.png;0.536462;2.4029;0
11; 10; 12; dataset\t1.png;0.538162;2.39969;0
11; 10; 13; dataset\t1.png;0.54218;2.39716;0
11; 10; 14; dataset\t1.png;0.54529;2.39379;0
11; 10; 15; dataset\t1.png;0.549705;2.39043;0
11; 11; 2; dataset\t1.png;0.51977;2.42659;0
11; 11; 3; dataset\t1.png;0.51575;2.42349;0
11; 11; 4; dataset\t1.png;0.511968;2.41926;0
11; 11; 5; dataset\t1.png;0.50816;2.41396;0
11; 11; 6; dataset\t1.png;0.51115;2.41177;0
11; 11; 7; dataset\t1.png;0.518743;2.41101;0
11; 11; 8; dataset\t1.png;0.527038;2.41125;0
11; 11; 9; dataset\t1.png;0.53462;2.41022;0
11; 11; 10; dataset\t1.png;0.53785;2.4076;0
11; 11; 11; dataset\t1.png;0.53972;2.40448;0
11; 11; 12; dataset\t1.png;0.542458;2.40151;0
11; 11; 13; dataset\t1.png;0.544057;2.39837;0
11; 11; 14; dataset\t1.png;0.54673;2.39537;0
11; 11; 15; dataset\t1.png;0.551815;2.39202;0
11; 12; 2; dataset\t1.png;0.525115;2.42904;0
11; 12; 3; dataset\t1.png;0.51899;2.42559;0
11; 12; 4; dataset\t1.png;0.514448;2.42127;0
11; 12; 5; dataset\t1.png;0.5105;2.41584;0
11; 12; 6; dataset\t1.png;0.512878;2.41288;0
11; 12; 7; dataset\t1.png;0.521773;2.41234;0
11; 12; 8; dataset\t1.png;0.530455;2.41301;0
11; 12; 9; dataset\t1.png;0.537315;2.41237;0
11; 12; 10; dataset\t1.png;0.540308;2.40987;0
11; 12; 11; dataset\t1.png;0.54327;2.40704;0
11; 12; 12; dataset\t1.png;0.545497;2.40364;0
11; 12; 13; dataset\t1.png;0.548998;2.4008;0
11; 12; 14; dataset\t1.png;0.552228;2.39746;0
11; 12; 15; dataset\t1.png;0.555932;2.39392;0
11; 13; 2; dataset\t1.png;0.53265;2.43239;0
11; 13; 3; dataset\t1.png;0.526575;2.42912;0
11; 13; 4; dataset\t1.png;0.520633;2.42427;0
11; 13; 5; dataset\t1.png;0.517332;2.4191;0
11; 13; 6; dataset\t1.png;0.520455;2.41599;0
11; 13; 7; dataset\t1.png;0.526885;2.41481;0
11; 13; 8; dataset\t1.png;0.535835;2.41561;0
11; 13; 9; dataset\t1.png;0.54126;2.41517;0
11; 13; 10; dataset\t1.png;0.543448;2.41258;0
11; 13; 11; dataset\t1.png;0.546898;2.40979;0
11; 13; 12; dataset\t1.png;0.551893;2.40659;0
11; 13; 13; dataset\t1.png;0.55502;2.403;0
11; 13; 14; dataset\t1.png;0.558755;2.39985;0
11; 13; 15; dataset\t1.png;0.5625;2.39637;0
11; 14; 2; dataset\t1.png;0.54239;2.43691;0
11; 14; 3; dataset\t1.png;0.53586;2.43355;0
11; 14; 4; dataset\t1.png;0.529073;2.42847;0
11; 14; 5; dataset\t1.png;0.527367;2.42336;0
11; 14; 6; dataset\t1.png;0.52871;2.41998;0
11; 14; 7; dataset\t1.png;0.534478;2.41884;0
11; 14; 8; dataset\t1.png;0.540328;2.41876;0
11; 14; 9; dataset\t1.png;0.545718;2.41836;0
11; 14; 10; dataset\t1.png;0.547673;2.41619;0
11; 14; 11; dataset\t1.png;0.551938;2.413;0
11; 14; 12; dataset\t1.png;0.556082;2.40963;0
11; 14; 13; dataset\t1.png;0.56055;2.40618;0
11; 14; 14; dataset\t1.png;0.564697;2.403;0
11; 14; 15; dataset\t1.png;0.56899;2.39959;0
11; 15; 2; dataset\t1.png;0.551515;2.44079;0
11; 15; 3; dataset\t1.png;0.54485;2.4375;0
11; 15; 4; dataset\t1.png;0.538273;2.4322;0
11; 15; 5; dataset\t1.png;0.53557;2.42714;0
11; 15; 6; dataset\t1.png;0.535445;2.42366;0
11; 15; 7; dataset\t1.png;0.54036;2.42265;0
11; 15; 8; dataset\t1.png;0.544567;2.42205;0
11; 15; 9; dataset\t1.png;0.54969;2.42158;0
11; 15; 10; dataset\t1.png;0.552058;2.4193;0
11; 15; 11; dataset\t1.png;0.555412;2.41571;0
11; 15; 12; dataset\t1.png;0.560087;2.41223;0
11; 15; 13; dataset\t1.png;0.564263;2.40899;0
11; 15; 14; dataset\t1.png;0.567833;2.40592;0
11; 15; 15; dataset\t1.png;0.57333;2.40289;0
12; 2; 2; dataset\t1.png;0.380023;2.58227;0
12; 2; 3; dataset\t1.png;0.473387;2.64031;0
12; 2; 4; dataset\t1.png;0.54874;2.67482;0
12; 2; 5; dataset\t1.png;0.600548;2.69279;0
12; 2; 6; dataset\t1.png;0.63289;2.70133;0
12; 2; 7; dataset\t1.png;0.649255;2.70633;0
12; 2; 8; dataset\t1.png;0.66141;2.70966;0
12; 2; 9; dataset\t1.png;0.67072;2.71095;0
12; 2; 10; dataset\t1.png;0.682063;2.71204;0
12; 2; 11; dataset\t1.png;0.69203;2.71094;0
12; 2; 12; dataset\t1.png;0.703568;2.70966;0
12; 2; 13; dataset\t1.png;0.716898;2.70837;0
12; 2; 14; dataset\t1.png;0.728718;2.70716;0
12; 2; 15; dataset\t1.png;0.737607;2.70419;0
12; 3; 2; dataset\t1.png;0.45608;2.63091;0
12; 3; 3; dataset\t1.png;0.51551;2.66143;0
12; 3; 4; dataset\t1.png;0.56779;2.68273;0
12; 3; 5; dataset\t1.png;0.605078;2.69406;0
12; 3; 6; dataset\t1.png;0.629675;2.70023;0
12; 3; 7; dataset\t1.png;0.64415;2.70453;0
12; 3; 8; dataset\t1.png;0.657363;2.70775;0
12; 3; 9; dataset\t1.png;0.66909;2.70977;0
12; 3; 10; dataset\t1.png;0.679725;2.71055;0
12; 3; 11; dataset\t1.png;0.690675;2.70982;0
12; 3; 12; dataset\t1.png;0.7024;2.70901;0
12; 3; 13; dataset\t1.png;0.715038;2.70718;0
12; 3; 14; dataset\t1.png;0.724798;2.70563;0
12; 3; 15; dataset\t1.png;0.7323;2.70237;0
12; 4; 2; dataset\t1.png;0.518075;2.66316;0
12; 4; 3; dataset\t1.png;0.552928;2.67816;0
12; 4; 4; dataset\t1.png;0.585175;2.68967;0
12; 4; 5; dataset\t1.png;0.611208;2.69655;0
12; 4; 6; dataset\t1.png;0.628812;2.6999;0
12; 4; 7; dataset\t1.png;0.64149;2.70382;0
12; 4; 8; dataset\t1.png;0.654558;2.70727;0
12; 4; 9; dataset\t1.png;0.665048;2.70845;0
12; 4; 10; dataset\t1.png;0.678238;2.70976;0
12; 4; 11; dataset\t1.png;0.688083;2.70878;0
12; 4; 12; dataset\t1.png;0.6993;2.70804;0
12; 4; 13; dataset\t1.png;0.711345;2.70632;0
12; 4; 14; dataset\t1.png;0.721858;2.7047;0
12; 4; 15; dataset\t1.png;0.728522;2.70123;0
12; 5; 2; dataset\t1.png;0.560588;2.68265;0
12; 5; 3; dataset\t1.png;0.580493;2.68954;0
12; 5; 4; dataset\t1.png;0.600485;2.69516;0
12; 5; 5; dataset\t1.png;0.6171;2.69842;0
12; 5; 6; dataset\t1.png;0.632395;2.70109;0
12; 5; 7; dataset\t1.png;0.642925;2.70406;0
12; 5; 8; dataset\t1.png;0.654;2.70695;0
12; 5; 9; dataset\t1.png;0.663633;2.70788;0
12; 5; 10; dataset\t1.png;0.674598;2.70875;0
12; 5; 11; dataset\t1.png;0.685288;2.70808;0
12; 5; 12; dataset\t1.png;0.695725;2.7075;0
12; 5; 13; dataset\t1.png;0.706962;2.70553;0
12; 5; 14; dataset\t1.png;0.71823;2.70403;0
12; 5; 15; dataset\t1.png;0.726193;2.70087;0
12; 6; 2; dataset\t1.png;0.587507;2.69348;0
12; 6; 3; dataset\t1.png;0.600222;2.69715;0
12; 6; 4; dataset\t1.png;0.614058;2.70037;0
12; 6; 5; dataset\t1.png;0.624647;2.70127;0
12; 6; 6; dataset\t1.png;0.63581;2.70182;0
12; 6; 7; dataset\t1.png;0.645253;2.70448;0
12; 6; 8; dataset\t1.png;0.653683;2.70668;0
12; 6; 9; dataset\t1.png;0.662492;2.70742;0
12; 6; 10; dataset\t1.png;0.671838;2.70815;0
12; 6; 11; dataset\t1.png;0.6811;2.70733;0
12; 6; 12; dataset\t1.png;0.69089;2.70658;0
12; 6; 13; dataset\t1.png;0.70378;2.70504;0
12; 6; 14; dataset\t1.png;0.715593;2.7037;0
12; 6; 15; dataset\t1.png;0.723958;2.70061;0
12; 7; 2; dataset\t1.png;0.608337;2.70111;0
12; 7; 3; dataset\t1.png;0.6166;2.70324;0
12; 7; 4; dataset\t1.png;0.62741;2.70491;0
12; 7; 5; dataset\t1.png;0.634187;2.70405;0
12; 7; 6; dataset\t1.png;0.641413;2.70307;0
12; 7; 7; dataset\t1.png;0.649992;2.70514;0
12; 7; 8; dataset\t1.png;0.658435;2.70747;0
12; 7; 9; dataset\t1.png;0.665463;2.70815;0
12; 7; 10; dataset\t1.png;0.67386;2.70895;0
12; 7; 11; dataset\t1.png;0.680555;2.70769;0
12; 7; 12; dataset\t1.png;0.68932;2.70655;0
12; 7; 13; dataset\t1.png;0.700325;2.70469;0
12; 7; 14; dataset\t1.png;0.712328;2.70339;0
12; 7; 15; dataset\t1.png;0.721245;2.70028;0
12; 8; 2; dataset\t1.png;0.626045;2.70757;0
12; 8; 3; dataset\t1.png;0.63013;2.70812;0
12; 8; 4; dataset\t1.png;0.635728;2.70822;0
12; 8; 5; dataset\t1.png;0.641663;2.70723;0
12; 8; 6; dataset\t1.png;0.648288;2.70596;0
12; 8; 7; dataset\t1.png;0.657175;2.7078;0
12; 8; 8; dataset\t1.png;0.664332;2.70964;0
12; 8; 9; dataset\t1.png;0.67105;2.71014;0
12; 8; 10; dataset\t1.png;0.676673;2.7101;0
12; 8; 11; dataset\t1.png;0.683298;2.70876;0
12; 8; 12; dataset\t1.png;0.68982;2.70713;0
12; 8; 13; dataset\t1.png;0.698988;2.70497;0
12; 8; 14; dataset\t1.png;0.70879;2.70324;0
12; 8; 15; dataset\t1.png;0.716995;2.6998;0
12; 9; 2; dataset\t1.png;0.639953;2.71413;0
12; 9; 3; dataset\t1.png;0.638868;2.71262;0
12; 9; 4; dataset\t1.png;0.64087;2.71131;0
12; 9; 5; dataset\t1.png;0.644305;2.70943;0
12; 9; 6; dataset\t1.png;0.651183;2.70853;0
12; 9; 7; dataset\t1.png;0.66012;2.71002;0
12; 9; 8; dataset\t1.png;0.669318;2.71171;0
12; 9; 9; dataset\t1.png;0.675935;2.71224;0
12; 9; 10; dataset\t1.png;0.679078;2.71166;0
12; 9; 11; dataset\t1.png;0.684498;2.70981;0
12; 9; 12; dataset\t1.png;0.68843;2.70744;0
12; 9; 13; dataset\t1.png;0.694823;2.70444;0
12; 9; 14; dataset\t1.png;0.70398;2.7025;0
12; 9; 15; dataset\t1.png;0.713245;2.69946;0
12; 10; 2; dataset\t1.png;0.649235;2.71968;0
12; 10; 3; dataset\t1.png;0.646142;2.7175;0
12; 10; 4; dataset\t1.png;0.6454;2.7154;0
12; 10; 5; dataset\t1.png;0.647735;2.71317;0
12; 10; 6; dataset\t1.png;0.654148;2.71172;0
12; 10; 7; dataset\t1.png;0.664663;2.7131;0
12; 10; 8; dataset\t1.png;0.674047;2.71396;0
12; 10; 9; dataset\t1.png;0.680513;2.71422;0
12; 10; 10; dataset\t1.png;0.683233;2.71312;0
12; 10; 11; dataset\t1.png;0.685848;2.71071;0
12; 10; 12; dataset\t1.png;0.688295;2.70727;0
12; 10; 13; dataset\t1.png;0.693662;2.70402;0
12; 10; 14; dataset\t1.png;0.702565;2.70223;0
12; 10; 15; dataset\t1.png;0.710727;2.69972;0
12; 11; 2; dataset\t1.png;0.659353;2.72542;0
12; 11; 3; dataset\t1.png;0.653913;2.72266;0
12; 11; 4; dataset\t1.png;0.650752;2.71979;0
12; 11; 5; dataset\t1.png;0.652402;2.71689;0
12; 11; 6; dataset\t1.png;0.658822;2.71494;0
12; 11; 7; dataset\t1.png;0.669585;2.71579;0
12; 11; 8; dataset\t1.png;0.678445;2.71663;0
12; 11; 9; dataset\t1.png;0.685935;2.71649;0
12; 11; 10; dataset\t1.png;0.688723;2.71518;0
12; 11; 11; dataset\t1.png;0.68981;2.7124;0
12; 11; 12; dataset\t1.png;0.690283;2.7086;0
12; 11; 13; dataset\t1.png;0.694425;2.70489;0
12; 11; 14; dataset\t1.png;0.702725;2.7031;0
12; 11; 15; dataset\t1.png;0.712592;2.70103;0
12; 12; 2; dataset\t1.png;0.666938;2.72975;0
12; 12; 3; dataset\t1.png;0.662775;2.72735;0
12; 12; 4; dataset\t1.png;0.658348;2.72364;0
12; 12; 5; dataset\t1.png;0.659105;2.72035;0
12; 12; 6; dataset\t1.png;0.666573;2.71842;0
12; 12; 7; dataset\t1.png;0.676565;2.71862;0
12; 12; 8; dataset\t1.png;0.685227;2.71901;0
12; 12; 9; dataset\t1.png;0.69156;2.71863;0
12; 12; 10; dataset\t1.png;0.694755;2.71745;0
12; 12; 11; dataset\t1.png;0.69588;2.71475;0
12; 12; 12; dataset\t1.png;0.69605;2.71119;0
12; 12; 13; dataset\t1.png;0.700348;2.7071;0
12; 12; 14; dataset\t1.png;0.708135;2.7051;0
12; 12; 15; dataset\t1.png;0.717067;2.70314;0
12; 13; 2; dataset\t1.png;0.67727;2.73386;0
12; 13; 3; dataset\t1.png;0.671715;2.73107;0
12; 13; 4; dataset\t1.png;0.668145;2.72766;0
12; 13; 5; dataset\t1.png;0.668545;2.72426;0
12; 13; 6; dataset\t1.png;0.67539;2.72183;0
12; 13; 7; dataset\t1.png;0.684345;2.72143;0
12; 13; 8; dataset\t1.png;0.69175;2.72144;0
12; 13; 9; dataset\t1.png;0.69694;2.72103;0
12; 13; 10; dataset\t1.png;0.70076;2.71992;0
12; 13; 11; dataset\t1.png;0.702003;2.71778;0
12; 13; 12; dataset\t1.png;0.70352;2.71454;0
12; 13; 13; dataset\t1.png;0.707402;2.71041;0
12; 13; 14; dataset\t1.png;0.715155;2.70797;0
12; 13; 15; dataset\t1.png;0.72293;2.7058;0
12; 14; 2; dataset\t1.png;0.690733;2.73847;0
12; 14; 3; dataset\t1.png;0.682358;2.73484;0
12; 14; 4; dataset\t1.png;0.67997;2.73165;0
12; 14; 5; dataset\t1.png;0.680723;2.72857;0
12; 14; 6; dataset\t1.png;0.685763;2.72569;0
12; 14; 7; dataset\t1.png;0.693003;2.7251;0
12; 14; 8; dataset\t1.png;0.698443;2.72475;0
12; 14; 9; dataset\t1.png;0.70222;2.72426;0
12; 14; 10; dataset\t1.png;0.706058;2.72327;0
12; 14; 11; dataset\t1.png;0.70795;2.72083;0
12; 14; 12; dataset\t1.png;0.709653;2.71783;0
12; 14; 13; dataset\t1.png;0.714658;2.7138;0
12; 14; 14; dataset\t1.png;0.719525;2.71089;0
12; 14; 15; dataset\t1.png;0.727723;2.70892;0
12; 15; 2; dataset\t1.png;0.70342;2.74251;0
12; 15; 3; dataset\t1.png;0.695867;2.73903;0
12; 15; 4; dataset\t1.png;0.691523;2.7354;0
12; 15; 5; dataset\t1.png;0.6901;2.73182;0
12; 15; 6; dataset\t1.png;0.692463;2.72853;0
12; 15; 7; dataset\t1.png;0.698978;2.72806;0
12; 15; 8; dataset\t1.png;0.70119;2.72776;0
12; 15; 9; dataset\t1.png;0.705858;2.72742;0
12; 15; 10; dataset\t1.png;0.71025;2.72663;0
12; 15; 11; dataset\t1.png;0.712682;2.72419;0
12; 15; 12; dataset\t1.png;0.714322;2.72084;0
12; 15; 13; dataset\t1.png;0.718198;2.71662;0
12; 15; 14; dataset\t1.png;0.723097;2.71399;0
12; 15; 15; dataset\t1.png;0.72924;2.71148;0
